  5.5830943e-009
  7.9746404e-001
  1.6107194e+000
  2.4397662e+000
  3.2846044e+000
  4.1452339e+000
  5.0216547e+000
  5.9138670e+000
  6.8218706e+000
  7.7456655e+000
  8.6852519e+000
  9.6406296e+000
  1.0611799e+001
  1.1598759e+001
  1.2601511e+001
  1.3620054e+001
  1.4654389e+001
  1.5704515e+001
  1.6770432e+001
  1.7852140e+001
  1.8949640e+001
  2.0062932e+001
  2.1192015e+001
  2.2336889e+001
  2.3497554e+001
  2.4674011e+001
  2.5866259e+001
  2.7074299e+001
  2.8298130e+001
  2.9537752e+001
  3.0793166e+001
  3.2064371e+001
  3.3351367e+001
  3.4654155e+001
  3.5972734e+001
  3.7307105e+001
  3.8657267e+001
  4.0023220e+001
  4.1404964e+001
  4.2802500e+001
  4.4215828e+001
  4.5644946e+001
  4.7089857e+001
  4.8550558e+001
  5.0027051e+001
  5.1519335e+001
  5.3027411e+001
  5.4551277e+001
  5.6090936e+001
  5.7646385e+001
  5.9217626e+001
