  1.0000000e-005
  3.4562400e-004
  1.1573368e-003
  2.4451384e-003
  4.2090289e-003
  6.4490082e-003
  9.1650762e-003
  1.2357233e-002
  1.6025479e-002
  2.0169813e-002
  2.4790237e-002
  2.9886749e-002
  3.5459350e-002
  4.1508040e-002
  4.8032818e-002
  5.5033686e-002
  6.2510642e-002
  7.0463687e-002
  7.8892821e-002
  8.7798044e-002
  9.7179355e-002
  1.0703676e-001
  1.1737024e-001
  1.2817982e-001
  1.3946549e-001
  1.5122724e-001
  1.6346509e-001
  1.7617902e-001
  1.8936904e-001
  2.0303516e-001
  2.1717736e-001
  2.3179564e-001
  2.4689002e-001
  2.6246049e-001
  2.7850704e-001
  2.9502969e-001
  3.1202842e-001
  3.2950324e-001
  3.4745415e-001
  3.6588115e-001
  3.8478424e-001
  4.0416341e-001
  4.2401868e-001
  4.4435003e-001
  4.6515748e-001
  4.8644101e-001
  5.0820063e-001
  5.3043634e-001
  5.5314814e-001
  5.7633602e-001
  6.0000000e-001
