2.4559
2.427
2.4272
2.4563
2.5142
2.6007
2.7155
2.8579
3.0275
3.2235
3.4452
3.6917
3.962
4.255
4.5697
4.9049
5.2593
5.6315
6.0204
6.4244
6.8422
7.2724
7.7135
8.1642
8.6231
9.0887
9.5597
10.035
10.513
10.992
11.472
11.951
12.428
12.903
13.374
13.84
14.301
14.756
15.204
15.645
16.078
16.502
16.918
17.325
17.723
18.11
18.488
18.856
19.214
19.561
19.898
20.224
20.539
20.843
21.136
21.418
21.688
21.946
22.193
22.427
22.649
22.858
23.053
23.234
23.402
23.554
23.691
23.812
23.917
24.004
24.074
24.125
24.156
24.168
24.159
24.128
24.076
24
23.901
23.778
23.631
23.458
23.259
23.033
22.781
22.502
22.195
21.86
21.498
21.107
20.688
20.241
19.766
19.263
18.731
18.173
17.587
16.974
16.334
15.668
14.977
14.26
13.519
12.753
11.964
11.153
10.318
9.4625
8.5855
7.6879
6.7704
5.8334
4.8775
3.9032
2.9111
1.9016
0.87508
0.16795
1.2271
2.302
3.3923
4.4976
5.6175
6.7519
7.9002
9.0622
10.237
11.426
12.627
13.839
15.064
16.3
17.546
18.802
20.067
21.341
22.622
23.91
25.203
26.501
27.802
29.105
30.408
31.71
33.009
34.303
35.591
36.871
38.14
39.396
40.637
41.862
43.067
44.249
45.408
46.539
47.641
48.711
49.747
50.746
51.705
52.622
53.495
54.322
55.1
55.826
56.501
57.12
57.683
58.187
58.633
59.017
59.34
59.6
59.796
59.929
59.997
60
59.939
59.814
59.625
59.372
59.057
58.681
58.245
57.75
57.197
56.588
55.926
55.211
54.446
53.633
52.775
51.872
50.929
49.946
48.927
47.874
46.789
45.675
44.535
43.37
42.183
40.976
39.752
38.513
37.26
35.997
34.724
33.444
32.159
30.87
29.579
28.287
26.996
25.707
24.422
23.14
21.865
20.595
19.333
18.078
16.833
15.597
14.37
13.155
11.95
10.757
9.5761
8.4073
7.2511
6.1081
4.9784
3.8624
2.7605
1.673
0.6001
0.45775
1.5002
2.527
3.5378
4.5321
5.5097
6.4701
7.4129
8.3379
9.2444
10.132
11.001
11.85
12.68
13.489
14.277
15.044
15.791
16.515
17.218
17.898
18.556
19.191
19.804
20.394
20.961
21.505
22.027
22.525
23.001
23.454
23.885
24.294
24.681
25.046
25.39
25.714
26.017
26.3
26.564
26.809
27.036
27.245
27.437
27.612
27.771
27.915
28.045
28.16
28.261
28.35
28.427
28.492
28.545
28.589
28.622
28.646
28.662
28.669
28.669
28.661
28.647
28.626
28.6
28.569
28.533
28.492
28.448
28.4
28.349
28.296
28.24
28.183
28.125
28.065
28.005
27.945
27.886
27.827
27.769
27.713
27.66
27.608
27.56
27.515
27.474
27.437
27.405
27.378
27.357
27.341
27.332
27.329
27.334
27.346
27.366
27.394
27.43
27.475
27.529
27.593
27.665
27.747
27.839
27.941
28.052
28.173
28.305
28.446
28.597
28.758
28.929
29.11
29.3
29.499
29.707
29.925
30.15
30.385
30.627
30.877
31.134
31.398
31.669
31.946
32.229
32.517
32.81
33.108
33.41
33.715
34.023
34.334
34.647
34.962
35.278
35.594
35.91
36.225
36.54
36.852
37.162
37.469
37.773
38.072
38.366
38.655
38.938
39.213
39.482
39.741
39.992
40.233
40.464
40.684
40.892
41.087
41.269
41.438
41.592
41.73
41.853
41.959
42.049
42.12
42.174
42.209
42.225
42.221
42.198
42.154
42.091
42.006
41.901
41.775
41.628
41.461
41.272
41.063
40.834
40.585
40.316
40.027
39.72
39.394
39.051
38.69
38.312
37.918
37.509
37.086
36.648
36.198
35.735
35.261
34.776
34.281
33.777
33.264
32.744
32.216
31.683
31.143
30.599
30.05
29.498
28.942
28.383
27.821
27.258
26.693
26.126
25.558
24.989
24.419
23.849
23.278
22.707
22.135
21.563
20.991
20.419
19.848
19.276
18.705
18.134
17.563
16.994
16.425
15.858
15.292
14.728
14.167
13.609
13.054
12.503
11.957
11.416
10.881
10.354
9.8344
9.3237
8.8229
8.3329
7.8548
7.3898
6.9388
6.5031
6.0838
5.682
5.2987
4.9353
4.5926
4.2718
3.9738
3.6997
3.4503
3.2264
3.0288
2.8582
2.7152
2.6002
2.5137
