0
5.4849e-05
0.0002194
0.00049363
0.00087755
0.0013711
0.0019744
0.0026873
0.0035098
0.0044418
0.0054835
0.0066346
0.0078952
0.0092653
0.010745
0.012334
0.014032
0.015839
0.017756
0.019781
0.021916
0.02416
0.026512
0.028974
0.031544
0.034223
0.037011
0.039907
0.042911
0.046024
0.049245
0.052574
0.056011
0.059556
0.063209
0.066969
0.070837
0.074812
0.078895
0.083085
0.087381
0.091785
0.096296
0.10091
0.10564
0.11047
0.1154
0.12044
0.12559
0.13084
0.1362
0.14167
0.14724
0.15291
0.15869
0.16457
0.17056
0.17665
0.18285
0.18915
0.19555
0.20206
0.20867
0.21538
0.2222
0.22912
0.23614
0.24326
0.25049
0.25781
0.26524
0.27277
0.2804
0.28813
0.29596
0.30389
0.31193
0.32006
0.32829
0.33662
0.34505
0.35357
0.3622
0.37092
0.37974
0.38866
0.39768
0.40679
0.416
0.42531
0.43471
0.44421
0.45381
0.46349
0.47328
0.48316
0.49313
0.5032
0.51336
0.52361
0.53396
0.5444
0.55493
0.56556
0.57627
0.58708
0.59798
0.60897
0.62005
0.63122
0.64248
0.65383
0.66526
0.67679
0.6884
0.70011
0.7119
0.72377
0.73574
0.74779
0.75993
0.77215
0.78446
0.79685
0.80933
0.82189
0.83453
0.84726
0.86007
0.87297
0.88594
0.899
0.91214
0.92536
0.93866
0.95205
0.96551
0.97905
0.99267
1.0064
1.0201
1.034
1.0479
1.0619
1.076
1.0902
1.1044
1.1187
1.1331
1.1476
1.1621
1.1767
1.1914
1.2062
1.221
1.2359
1.2509
1.2659
1.281
1.2962
1.3115
1.3268
1.3422
1.3576
1.3731
1.3887
1.4044
1.4201
1.4359
1.4518
1.4677
1.4837
1.4997
1.5158
1.532
1.5483
1.5646
1.5809
1.5973
1.6138
1.6304
1.647
1.6636
1.6804
1.6972
1.714
1.7309
1.7478
1.7649
1.7819
1.799
1.8162
1.8334
1.8507
1.8681
1.8855
1.9029
1.9204
1.938
1.9556
1.9732
1.9909
2.0087
2.0265
2.0443
2.0622
2.0801
2.0981
2.1162
2.1343
2.1524
2.1706
2.1888
2.207
2.2253
2.2437
2.2621
2.2805
2.299
2.3175
2.3361
2.3547
2.3733
2.392
2.4107
2.4295
2.4482
2.4671
2.4859
2.5048
2.5238
2.5428
2.5618
2.5808
2.5999
2.619
2.6381
2.6573
2.6765
2.6957
2.715
2.7343
2.7536
2.773
2.7924
2.8118
2.8312
2.8507
2.8702
2.8897
2.9092
2.9288
2.9484
2.968
2.9877
3.0073
3.027
3.0467
3.0665
3.0862
3.106
3.1258
3.1456
3.1654
3.1853
3.2052
3.2251
3.245
3.2649
3.2848
3.3048
3.3248
3.3447
3.3647
3.3848
3.4048
3.4248
3.4449
3.4649
3.485
3.5051
3.5252
3.5453
3.5654
3.5856
3.6057
3.6258
3.646
3.6662
3.6863
3.7065
3.7267
3.7469
3.7671
3.7872
3.8074
3.8277
3.8479
3.8681
3.8883
3.9085
3.9287
3.9489
3.9691
3.9893
4.0096
4.0298
4.05
4.0702
4.0904
4.1106
4.1308
4.151
4.1712
4.1914
4.2116
4.2318
4.252
4.2721
4.2923
4.3125
4.3326
4.3528
4.3729
4.393
4.4131
4.4332
4.4533
4.4734
4.4935
4.5136
4.5336
4.5537
4.5737
4.5937
4.6137
4.6337
4.6537
4.6737
4.6936
4.7135
4.7335
4.7534
4.7733
4.7931
4.813
4.8328
4.8527
4.8725
4.8922
4.912
4.9318
4.9515
4.9712
4.9909
5.0105
5.0302
5.0498
5.0694
5.089
5.1086
5.1281
5.1476
5.1671
5.1866
5.206
5.2254
5.2448
5.2642
5.2836
5.3029
5.3222
5.3414
5.3607
5.3799
5.3991
5.4182
5.4374
5.4565
5.4756
5.4946
5.5136
5.5326
5.5516
5.5705
5.5894
5.6083
5.6271
5.6459
5.6647
5.6834
5.7021
5.7208
5.7395
5.7581
5.7767
5.7952
5.8137
5.8322
5.8507
5.8691
5.8875
5.9058
5.9241
5.9424
5.9606
5.9788
5.997
6.0151
6.0332
6.0513
6.0693
6.0873
6.1052
6.1231
6.141
6.1588
6.1766
6.1944
6.2121
6.2298
6.2474
6.265
6.2826
6.3001
6.3175
6.335
6.3524
6.3697
6.3871
6.4043
6.4216
6.4388
6.4559
6.473
6.4901
6.5071
6.5241
6.541
6.5579
6.5748
6.5916
6.6083
6.6251
6.6418
6.6584
6.675
6.6915
6.708
6.7245
6.7409
6.7573
6.7736
6.7899
6.8061
6.8223
6.8385
6.8546
6.8706
6.8866
6.9026
6.9185
6.9344
6.9502
6.966
6.9817
6.9974
7.013
7.0286
7.0442
7.0597
7.0751
7.0905
7.1059
7.1212
7.1364
7.1516
7.1668
7.1819
7.197
7.212
7.227
7.2419
7.2568
7.2716
7.2864
7.3011
7.3158
7.3305
7.345
7.3596
7.3741
7.3885
7.4029
7.4172
7.4315
7.4458
7.46
7.4741
7.4882
7.5023
7.5163
7.5302
7.5441
7.5579
7.5717
7.5855
7.5992
7.6128
7.6264
7.64
7.6535
7.667
7.6804
7.6937
7.707
7.7203
7.7335
7.7466
7.7597
7.7728
7.7858
7.7987
7.8116
7.8245
7.8373
7.8501
7.8628
7.8754
7.888
7.9006
7.9131
7.9255
7.9379
7.9503
7.9626
7.9748
7.9871
7.9992
8.0113
8.0234
8.0354
8.0473
8.0592
8.0711
8.0829
8.0947
8.1064
8.118
8.1296
8.1412
8.1527
8.1642
8.1756
8.187
8.1983
8.2095
8.2207
8.2319
8.243
8.2541
8.2651
8.2761
8.287
8.2979
8.3087
8.3195
8.3302
8.3409
8.3515
8.3621
8.3726
8.3831
8.3936
8.4039
8.4143
8.4246
8.4348
8.445
8.4552
8.4653
8.4753
8.4853
8.4953
8.5052
8.515
8.5249
8.5346
8.5444
8.554
8.5637
8.5732
8.5828
8.5923
8.6017
8.6111
8.6204
8.6297
8.639
8.6482
8.6574
8.6665
8.6756
8.6846
8.6936
8.7025
8.7114
8.7202
8.729
8.7378
8.7465
8.7551
8.7638
8.7723
8.7809
8.7894
8.7978
8.8062
8.8145
8.8228
8.8311
8.8393
8.8475
8.8556
8.8637
8.8718
8.8798
8.8877
8.8957
8.9035
8.9114
8.9191
8.9269
8.9346
8.9423
8.9499
8.9574
8.965
8.9725
8.9799
8.9873
8.9947
9.002
9.0093
9.0166
9.0238
9.0309
9.038
9.0451
9.0522
9.0592
9.0661
9.073
9.0799
9.0868
9.0936
9.1003
9.1071
9.1137
9.1204
9.127
9.1335
9.1401
9.1466
9.153
9.1594
9.1658
9.1721
9.1784
9.1847
9.1909
9.1971
9.2032
9.2094
9.2154
9.2215
9.2275
9.2334
9.2394
9.2452
9.2511
9.2569
9.2627
9.2684
9.2741
9.2798
9.2855
9.2911
9.2966
9.3022
9.3077
9.3131
9.3186
9.324
9.3293
9.3346
9.3399
9.3452
9.3504
9.3556
9.3608
9.3659
9.371
9.376
9.3811
9.3861
9.391
9.3959
9.4008
9.4057
9.4105
9.4153
9.4201
9.4248
9.4295
9.4342
9.4389
9.4435
9.448
9.4526
9.4571
9.4616
9.4661
9.4705
9.4749
9.4793
9.4836
9.4879
9.4922
9.4964
9.5006
9.5048
9.509
9.5131
9.5172
9.5213
9.5254
9.5294
9.5334
9.5373
9.5413
9.5452
9.5491
9.5529
9.5567
9.5605
9.5643
9.5681
9.5718
9.5755
9.5791
9.5828
9.5864
9.59
9.5935
9.5971
9.6006
9.6041
9.6075
9.611
9.6144
9.6178
9.6211
9.6244
9.6278
9.631
9.6343
9.6375
9.6408
9.6439
9.6471
9.6502
9.6534
9.6565
9.6595
9.6626
9.6656
9.6686
9.6716
9.6745
9.6775
9.6804
9.6833
9.6862
9.689
9.6918
9.6946
9.6974
9.7002
9.7029
9.7056
9.7083
9.711
9.7137
9.7163
9.7189
9.7215
9.7241
9.7266
9.7292
9.7317
9.7342
9.7366
9.7391
9.7415
9.7439
9.7463
9.7487
9.7511
9.7534
9.7557
9.758
9.7603
9.7626
9.7648
9.7671
9.7693
9.7715
9.7736
9.7758
9.7779
9.78
9.7822
9.7842
9.7863
9.7884
9.7904
9.7924
9.7944
9.7964
9.7984
9.8003
9.8023
9.8042
9.8061
9.808
9.8098
9.8117
9.8135
9.8154
9.8172
9.819
9.8208
9.8225
9.8243
9.826
9.8277
9.8294
9.8311
9.8328
9.8345
9.8361
9.8377
9.8394
9.841
9.8426
9.8441
9.8457
9.8472
9.8488
9.8503
9.8518
9.8533
9.8548
9.8563
9.8577
9.8592
9.8606
9.862
9.8634
9.8648
9.8662
9.8676
9.8689
9.8703
9.8716
9.8729
9.8742
9.8755
9.8768
9.8781
9.8793
9.8806
9.8818
9.8831
9.8843
9.8855
9.8867
9.8879
9.889
9.8902
9.8914
9.8925
9.8936
9.8947
9.8959
9.897
9.898
9.8991
9.9002
9.9012
9.9023
9.9033
9.9044
9.9054
9.9064
9.9074
9.9084
9.9094
9.9103
9.9113
9.9123
9.9132
9.9141
9.9151
9.916
9.9169
9.9178
9.9187
9.9196
9.9205
9.9213
9.9222
9.923
9.9239
9.9247
9.9255
9.9264
9.9272
9.928
9.9288
9.9295
9.9303
9.9311
9.9319
9.9326
9.9334
9.9341
9.9348
9.9356
9.9363
9.937
9.9377
9.9384
9.9391
9.9398
9.9405
9.9411
9.9418
9.9424
9.9431
9.9437
9.9444
9.945
9.9456
9.9462
9.9469
9.9475
9.9481
9.9487
9.9492
9.9498
9.9504
9.951
9.9515
9.9521
9.9527
9.9532
9.9537
9.9543
9.9548
9.9553
9.9558
9.9564
9.9569
9.9574
9.9579
9.9584
9.9588
9.9593
9.9598
9.9603
9.9607
9.9612
9.9617
9.9621
9.9626
9.963
9.9634
9.9639
9.9643
9.9647
9.9652
9.9656
9.966
9.9664
9.9668
9.9672
9.9676
9.968
9.9684
9.9687
9.9691
9.9695
9.9699
9.9702
9.9706
9.9709
9.9713
9.9716
9.972
9.9723
9.9727
9.973
9.9733
9.9736
9.974
9.9743
9.9746
9.9749
9.9752
9.9755
9.9758
9.9761
9.9764
9.9767
9.977
9.9773
9.9776
9.9779
9.9781
9.9784
9.9787
9.9789
9.9792
9.9795
9.9797
9.98
9.9802
9.9805
9.9807
9.981
9.9812
9.9814
9.9817
9.9819
9.9821
9.9824
9.9826
9.9828
9.983
9.9832
9.9835
9.9837
9.9839
9.9841
9.9843
9.9845
9.9847
9.9849
9.9851
9.9853
9.9855
9.9857
9.9858
9.986
9.9862
9.9864
9.9866
9.9867
9.9869
9.9871
9.9873
9.9874
9.9876
9.9877
9.9879
9.9881
9.9882
9.9884
9.9885
9.9887
9.9888
9.989
9.9891
9.9893
9.9894
9.9896
9.9897
9.9898
9.99
9.9901
9.9902
9.9904
9.9905
9.9906
9.9907
9.9909
9.991
9.9911
9.9912
9.9914
9.9915
9.9916
9.9917
9.9918
9.9919
9.992
9.9921
9.9923
9.9924
9.9925
9.9926
9.9927
9.9928
9.9929
9.993
9.9931
9.9932
9.9933
9.9933
9.9934
9.9935
9.9936
9.9937
9.9938
9.9939
9.994
9.9941
9.9941
9.9942
9.9943
9.9944
9.9945
9.9945
9.9946
9.9947
9.9948
9.9948
9.9949
9.995
9.9951
9.9951
9.9952
9.9953
9.9953
9.9954
9.9955
9.9955
9.9956
9.9956
9.9957
9.9958
9.9958
9.9959
9.996
9.996
9.9961
9.9961
9.9962
9.9962
9.9963
9.9963
9.9964
9.9964
9.9965
9.9966
9.9966
9.9967
9.9967
9.9967
9.9968
9.9968
9.9969
9.9969
9.997
9.997
9.9971
9.9971
9.9972
9.9972
9.9972
9.9973
9.9973
9.9974
9.9974
9.9974
9.9975
9.9975
9.9975
9.9976
9.9976
9.9977
9.9977
9.9977
9.9978
9.9978
9.9978
9.9979
9.9979
9.9979
9.998
9.998
9.998
9.998
9.9981
9.9981
9.9981
9.9982
9.9982
9.9982
9.9982
9.9983
9.9983
9.9983
9.9984
9.9984
9.9984
9.9984
9.9985
9.9985
9.9985
9.9985
9.9985
9.9986
9.9986
9.9986
9.9986
9.9987
9.9987
9.9987
9.9987
9.9987
9.9988
9.9988
9.9988
9.9988
9.9988
9.9989
9.9989
9.9989
9.9989
9.9989
9.9989
9.999
9.999
9.999
9.999
9.999
9.999
9.9991
9.9991
9.9991
9.9991
9.9991
9.9991
9.9991
9.9992
9.9992
9.9992
9.9992
9.9992
9.9992
9.9992
9.9992
9.9993
9.9993
9.9993
9.9993
9.9993
9.9993
9.9993
9.9993
9.9993
9.9994
9.9994
9.9994
9.9994
9.9994
9.9994
9.9994
9.9994
9.9994
9.9994
9.9995
9.9995
9.9995
9.9995
9.9995
9.9995
9.9995
9.9995
9.9995
9.9995
9.9995
9.9995
9.9996
9.9996
9.9996
9.9996
9.9996
9.9996
9.9996
9.9996
9.9996
9.9996
9.9996
9.9996
9.9996
9.9996
9.9996
9.9997
9.9997
9.9997
9.9997
9.9997
9.9997
9.9997
9.9997
9.9997
9.9997
9.9997
9.9997
9.9997
9.9997
9.9997
9.9997
9.9997
9.9997
9.9997
9.9998
9.9998
9.9998
9.9998
9.9998
9.9998
9.9998
9.9998
9.9998
9.9998
9.9998
9.9998
9.9998
9.9998
9.9998
9.9998
9.9998
9.9998
9.9998
9.9998
9.9998
9.9998
9.9998
9.9998
9.9998
9.9998
9.9998
9.9998
9.9998
9.9999
9.9999
9.9999
9.9999
9.9999
9.9999
9.9999
9.9999
9.9999
9.9999
9.9999
9.9999
9.9999
9.9999
9.9999
9.9999
9.9999
9.9999
9.9999
9.9999
9.9999
9.9999
9.9999
9.9999
9.9999
9.9999
9.9999
9.9999
9.9999
9.9999
9.9999
9.9999
9.9999
9.9999
9.9999
9.9999
9.9999
9.9999
9.9999
9.9999
9.9999
9.9999
9.9999
9.9999
9.9999
9.9999
9.9999
9.9999
9.9999
9.9999
9.9999
9.9999
9.9999
9.9999
9.9999
9.9999
9.9999
9.9999
9.9999
10
10
10
10
10
10
10
10
10
10
10
10
10
10
10
10
10
10
10
10
10
10
10
10
10
10
10
10
10
10
10
10
10
10
10
10
10
10
10
10
10
10
10
10
10
10
10
10
10
10
10
10
10
10
10
10
10
10
10
10
10
10
10
10
10
10
10
10
10
10
10
10
10
10
10
10
10
10
10
10
10
10
10
10
10
10
10
10
10
10
10
10
10
10
10
10
10
10
10
10
10
10
10
10
10
10
10
10
10
10
10
10
10
10
10
10
10
10
10
10
10
10
10
10
10
10
10
10
10
10
10
10
10
10
10
10
10
10
10
10
10
10
10
10
10
10
10
10
10
10
10
10
10
10
10
10
10
10
10
10
10
10
10
10
10
10
10
10
10
10
10
10
10
10
10
10
10
10
10
10
10
10
10
10
10
10
10
10
10
10
10
10
10
10
10
10
10
10
10
10
10
10
10
10
10
10
10
10
10
10
10
10
10
10
10
10
10
10
10
10
10
10
10
10
10
10
10
10
10
10
10
10
10
10
10
10
10
10
10
10
10
10
10
10
10
10
10
10
10
10
10
10
10
10
10
10
10
10
10
10
10
10
10
10
10
10
10
10
10
10
10
10
10
10
10
10
10
10
10
10
10
10
10
10
10
10
10
10
10
10
10
10
10
10
10
10
10
10
10
10
10
10
10
10
10
10
10
10
10
10
10
10
10
10
10
10
10
10
10
10
10
10
10
10
10
10
10
10
10
10
10
10
10
10
10
10
10
10
10
10
10
10
10
10
10
10
10
10
10
10
10
10
10
10
10
10
10
10
10
10
10
10
10
10
10
10
10
10
10
10
10
10
10
10
10
10
10
10
10
10
10
10
10
10
10
10
10
10
10
10
10
10
10
10
10
10
10
10
10
10
10
10
10
10
10
10
10
10
10
10
10
10
10
10
10
10
10
10
10
10
10
10
10
10
10
10
10
10
10
10
10
10
10
10
10
10
10
10
10
10
10
10
10
10
10
10
10
10
10
10
10
10
10
10
10
10
10
10
10
10
10
10
10
10
10
10
10
10
10
10
10
10
10
10
10
10
10
10
10
10
10
10
10
10
10
10
10
10
10
10
10
10
10
10
10
10
10
10
10
10
10
10
10
10
10
10
10
10
10
10
10
10
10
10
10
10
10
10
10
10
10
10
10
10
10
10
10
10
10
10
10
10
10
10
10
10
10
10
10
10
10
10
10
10
10
10
10
10
10
10
10
10
10
10
10
10
10
10
10
10
10
10
10
10
10
10
10
10
10
10
10
10
10
10
10
10
10
10
10
10
10
10
10
10
10
10
10
10
10
10
10
10
10
10
10
10
10
10
10
10
10
10
10
10
10
10
10
10
10
10
10
10
10
10
10
10
10
10
10
10
10
10
10
10
10
10
10
10
10
10
10
10
10
10
10
10
10
10
10
10
10
10
10
10
10
10
10
10
10
10
10
10
10
10
10
10
10
10
10
10
10
10
10
10
10
10
10
10
10
10
10
10
10
10
10
10
10
10
10
10
10
10
10
10
10
10
10
10
10
10
10
10
10
10
10
10
10
10
10
10
10
10
10
10
10
10
10
10
10
10
10
10
10
10
10
10
10
10
10
10
10
10
10
10
10
10
10
10
10
10
10
10
10
10
10
10
10
10
10
10
10
10
10
10
10
10
10
10
10
10
10
10
10
10
10
10
10
10
10
10
10
10
10
10
10
10
10
10
10
10
10
10
10
10
10
10
10
10
10
10
10
10
10
10
10
10
10
10
10
10
10
10
10
10
10
10
10
10
10
10
10
10
10
10
10
10
10
10
10
10
10
10
10
10
10
10
10
10
10
10
10
10
10
10
10
10
10
10
10
10
10
10
10
10
10
10
10
10
10
10
10
10
10
10
10
10
10
10
10
10
10
10
10
10
10
10
10
10
10
10
10
10
10
10
10
10
10
10
10
10
10
10
10
10
10
10
10
10
10
10
10
10
10
10
10
10
10
10
10
10
10
10
10
10
10
10
10
10
10
10
10
10
10
10
10
10
10
10
10
10
10
10
10
10
10
10
10
10
10
10
10
10
10
10
10
10
10
10
10
10
10
10
10
10
10
10
10
10
10
10
10
10
10
10
10
10
10
10
10
10
10
10
10
10
10
10
10
10
10
10
10
10
10
10
10
10
10
10
10
10
10
10
10
10
10
10
10
10
10
10
10
10
10
10
10
10
10
10
10
10
10
10
10
10
10
10
10
10
10
10
10
10
10
10
10
10
10
10
10
10
10
10
10
10
10
10
10
10
10
10
10
10
10
10
10
10
10
10
10
10
10
10
10
10
10
10
10
10
10
10
10
10
10
10
10
10
10
10
10
10
10
10
10
10
10
10
10
10
10
10
10
10
10
10
10
10
10
10
10
10
10
10
10
10
10
10
10
10
10
10
10
10
10
10
10
10
10
10
10
10
10
10
10
10
10
10
10
10
10
10
10
10
10
10
10
10
10
10
10
10
10
10
10
10
10
10
10
10
10
10
10
10
10
10
10
10
10
10
10
10
10
10
10
10
10
10
10
10
10
10
10
10
10
10
10
10
10
10
10
10
10
10
10
10
10
10
10
10
10
10
10
10
10
10
10
10
10
10
10
10
10
10
10
10
10
10
10
10
10
10
10
10
10
10
10
10
10
10
10
10
10
10
10
10
10
10
10
10
10
10
10
10
10
10
10
10
10
10
10
10
10
10
10
10
10
10
10
10
10
10
10
10
10
10
10
10
10
10
10
10
10
10
10
10
10
10
10
10
10
10
10
10
10
10
10
10
10
10
10
10
10
10
10
10
10
10
10
10
10
10
10
10
10
10
10
10
10
10
10
10
10
10
10
10
10
10
10
10
10
10
10
10
10
10
10
10
10
10
10
10
10
10
10
10
10
10
10
10
10
10
10
10
10
10
10
10
10
10
10
10
10
10
10
10
10
10
10
10
10
10
10
10
10
10
10
10
10
10
10
10
10
10
10
10
10
10
10
10
10
10
10
10
10
10
10
10
10
10
10
10
10
10
10
10
10
10
10
10
10
10
10
10
10
10
10
10
10
10
10
10
10
10
10
10
10
10
10
10
10
10
10
10
10
10
10
10
10
10
10
10
10
10
10
10
10
10
10
10
10
10
10
10
10
10
10
10
10
10
10
10
10
10
10
10
10
10
10
10
10
10
10
10
10
10
10
10
10
10
10
10
10
10
10
10
10
10
10
10
10
10
10
10
10
10
10
10
10
10
10
10
10
10
10
10
10
10
10
10
10
10
10
10
10
10
10
10
10
10
10
10
10
10
10
10
10
10
10
10
10
10
10
10
10
10
10
10
10
10
10
10
10
10
10
10
10
10
10
10
10
10
10
10
10
10
10
10
10
10
10
10
10
10
10
10
10
10
10
10
10
10
10
10
10
10
10
10
10
10
10
10
10
10
10
10
10
10
10
10
10
10
10
10
10
10
10
10
10
10
10
10
10
10
10
10
10
10
10
10
10
10
10
10
10
10
10
10
10
10
10
10
10
10
10
10
10
10
10
10
10
10
10
10
10
10
10
10
10
10
10
10
10
10
10
10
10
10
10
10
10
10
10
10
10
10
10
10
10
10
10
10
10
10
10
10
10
10
10
10
10
10
10
10
10
10
10
10
10
10
10
10
10
10
10
10
10
10
10
10
10
10
10
10
10
10
10
10
10
10
10
10
10
10
10
10
10
10
10
10
10
10
10
10
10
10
10
10
10
10
10
10
10
10
10
10
10
10
10
10
10
10
10
10
10
10
10
10
10
10
10
10
10
10
10
10
10
10
10
10
10
10
10
10
10
10
10
10
10
10
10
10
10
10
10
10
10
10
10
10
10
10
10
10
10
10
10
10
10
10
10
10
10
10
10
10
10
10
10
10
10
10
10
10
10
10
10
10
10
10
10
10
10
10
10
10
10
10
10
10
10
10
10
10
10
10
10
10
10
10
10
10
10
10
10
10
10
10
10
10
10
10
10
10
10
10
10
10
10
10
10
10
10
10
10
10
10
10
10
10
10
10
10
10
10
10
10
10
10
10
10
10
10
10
10
10
10
10
10
10
10
10
10
10
10
10
10
10
10
10
10
10
10
10
10
10
10
10
10
10
10
10
10
10
10
10
10
10
10
10
10
10
10
10
10
10
10
10
10
10
10
10
10
10
10
10
10
10
10
10
10
10
10
10
10
10
10
10
10
10
10
10
10
10
10
10
10
10
10
10
10
10
10
10
10
10
10
10
10
10
10
10
10
10
10
10
10
10
10
10
10
10
10
10
10
10
10
10
10
10
10
10
10
10
10
10
10
10
10
10
10
10
10
10
10
10
10
10
10
10
10
10
10
10
10
10
10
10
10
10
10
10
10
10
10
10
10
10
10
10
10
10
10
10
10
10
10
10
10
10
10
10
10
10
10
10
10
10
10
10
10
10
10
10
10
10
10
10
10
10
10
10
10
10
10
10
10
10
10
10
10
10
10
10
10
10
10
10
10
10
10
10
10
10
10
10
10
10
10
10
10
10
10
10
10
10
10
10
10
10
10
10
10
10
10
10
10
10
10
10
10
10
10
10
10
10
10
10
10
10
10
10
10
10
10
10
10
10
10
10
10
10
10
10
10
10
10
10
10
10
10
10
10
10
10
10
10
10
10
10
10
10
10
10
10
10
10
10
10
10
10
10
10
10
10
10
10
10
10
10
10
10
10
10
10
10
10
10
10
10
10
10
10
10
10
10
10
10
10
10
10
10
10
10
10
10
10
10
10
10
10
10
10
10
10
10
10
10
10
10
10
10
10
10
10
10
10
10
10
10
10
10
10
10
10
10
10
10
10
10
10
10
10
10
10
10
10
10
10
10
10
10
10
10
10
10
10
10
10
10
10
10
10
10
10
10
10
10
10
10
10
10
10
10
10
10
10
10
10
10
10
10
10
10
10
10
10
10
10
10
10
10
10
10
10
10
10
10
10
10
10
10
10
10
10
10
10
10
10
10
10
10
10
10
10
10
10
10
10
10
10
10
10
10
10
10
10
10
10
10
10
10
10
10
10
10
10
10
10
10
10
10
10
10
10
10
10
10
10
10
10
10
10
10
10
10
10
10
10
10
10
10
10
10
10
10
10
10
10
10
10
10
10
10
10
10
10
10
10
10
10
10
10
10
10
10
10
10
10
10
10
10
10
10
10
10
10
10
10
10
10
10
10
10
10
10
10
10
10
10
10
10
10
10
10
10
10
10
10
10
10
10
10
10
10
10
10
10
10
10
10
10
10
10
10
10
10
10
10
10
10
10
10
10
10
10
10
10
10
10
10
10
10
10
10
10
10
10
10
10
10
10
10
10
10
10
10
10
10
10
10
10
10
10
10
10
10
10
10
10
10
10
10
10
10
10
10
10
10
10
10
10
10
10
10
10
10
10
10
10
10
10
10
10
10
10
10
10
10
10
10
10
10
10
10
10
10
10
10
10
10
10
10
10
10
10
10
10
10
10
10
10
10
10
10
10
10
10
10
10
10
10
10
10
10
10
10
10
10
10
10
10
10
10
10
10
10
10
10
10
10
10
10
10
10
10
10
10
10
10
10
10
10
10
10
10
10
10
10
10
10
10
10
10
10
10
10
10
10
10
10
10
10
10
10
10
10
10
10
10
10
10
10
10
10
10
10
10
10
10
10
10
10
10
10
10
10
10
10
10
10
10
10
10
10
10
10
10
10
10
10
10
10
10
10
10
10
10
10
10
10
10
10
10
10
10
10
10
10
10
10
10
10
10
10
10
10
10
10
10
10
10
10
10
10
10
10
10
10
10
10
10
10
10
10
10
10
10
10
10
10
10
10
10
10
10
10
10
10
10
10
10
10
10
10
10
10
10
10
10
10
10
10
10
10
10
10
10
10
10
10
10
10
10
10
10
10
10
10
10
10
10
10
10
10
10
10
10
10
10
10
10
10
10
10
10
10
10
10
10
10
10
10
10
10
10
10
10
10
10
10
10
10
10
10
10
10
10
10
10
10
10
10
10
10
10
10
10
10
10
10
10
10
10
10
10
10
10
10
10
10
10
10
10
10
10
10
10
10
10
10
10
10
10
10
10
10
10
10
10
10
10
10
10
10
10
10
10
10
10
10
10
10
10
10
10
10
10
10
10
10
10
10
10
10
10
10
10
10
10
10
10
10
10
10
10
10
10
10
10
10
10
10
10
10
10
10
10
10
10
10
10
10
10
10
10
10
10
10
10
10
10
10
10
10
10
10
10
10
10
10
10
10
10
10
10
10
10
10
10
10
10
10
10
10
10
10
10
10
10
10
10
10
10
10
10
10
10
10
10
10
10
10
10
10
10
10
10
10
10
10
10
10
10
10
10
10
10
10
10
10
10
10
10
10
10
10
10
10
10
10
10
10
10
10
10
10
10
10
10
10
10
10
10
10
10
10
10
10
10
10
10
10
10
10
10
10
10
10
10
10
10
10
10
10
10
10
10
10
10
10
10
10
10
10
10
10
10
10
10
10
10
10
10
10
10
10
10
10
10
10
10
10
10
10
10
10
10
10
10
10
10
10
10
10
10
10
10
10
10
10
10
10
10
10
10
10
10
10
10
10
10
10
10
10
10
10
10
10
10
10
10
10
10
10
10
10
10
10
10
10
10
10
10
10
10
10
10
10
10
10
10
10
10
10
10
10
10
10
10
10
10
10
10
10
10
10
10
10
10
10
10
10
10
10
10
10
10
10
10
10
10
10
10
10
10
10
10
10
10
10
10
10
10
10
10
10
10
10
10
10
10
10
10
10
10
10
10
10
10
10
10
10
10
10
10
10
10
10
10
10
10
10
10
10
10
10
10
10
10
10
10
10
10
10
10
10
10
10
10
10
10
10
10
10
10
10
10
10
10
10
10
10
10
10
10
10
10
10
10
10
10
10
10
10
10
10
10
10
10
10
10
10
10
10
10
10
10
10
10
10
10
10
10
10
10
10
10
10
10
10
10
10
10
10
10
10
10
10
10
10
10
10
10
10
10
10
10
10
10
10
10
10
10
10
10
10
10
10
10
10
10
10
10
10
10
10
10
10
10
10
10
10
10
10
10
10
10
10
10
10
10
10
10
10
10
9.9999
9.9999
9.9999
9.9999
9.9999
9.9999
9.9999
9.9999
9.9999
9.9999
9.9999
9.9999
9.9999
9.9999
9.9999
9.9999
9.9999
9.9999
9.9999
9.9999
9.9999
9.9999
9.9999
9.9999
9.9999
9.9999
9.9999
9.9999
9.9999
9.9999
9.9999
9.9999
9.9999
9.9999
9.9999
9.9999
9.9999
9.9999
9.9999
9.9999
9.9999
9.9999
9.9999
9.9999
9.9999
9.9999
9.9999
9.9999
9.9999
9.9999
9.9999
9.9999
9.9999
9.9999
9.9999
9.9999
9.9999
9.9999
9.9999
9.9998
9.9998
9.9998
9.9998
9.9998
9.9998
9.9998
9.9998
9.9998
9.9998
9.9998
9.9998
9.9998
9.9998
9.9998
9.9998
9.9998
9.9998
9.9998
9.9998
9.9998
9.9998
9.9998
9.9998
9.9998
9.9998
9.9998
9.9998
9.9998
9.9997
9.9997
9.9997
9.9997
9.9997
9.9997
9.9997
9.9997
9.9997
9.9997
9.9997
9.9997
9.9997
9.9997
9.9997
9.9997
9.9997
9.9997
9.9997
9.9996
9.9996
9.9996
9.9996
9.9996
9.9996
9.9996
9.9996
9.9996
9.9996
9.9996
9.9996
9.9996
9.9996
9.9996
9.9995
9.9995
9.9995
9.9995
9.9995
9.9995
9.9995
9.9995
9.9995
9.9995
9.9995
9.9995
9.9994
9.9994
9.9994
9.9994
9.9994
9.9994
9.9994
9.9994
9.9994
9.9994
9.9993
9.9993
9.9993
9.9993
9.9993
9.9993
9.9993
9.9993
9.9993
9.9992
9.9992
9.9992
9.9992
9.9992
9.9992
9.9992
9.9992
9.9991
9.9991
9.9991
9.9991
9.9991
9.9991
9.9991
9.999
9.999
9.999
9.999
9.999
9.999
9.9989
9.9989
9.9989
9.9989
9.9989
9.9989
9.9988
9.9988
9.9988
9.9988
9.9988
9.9987
9.9987
9.9987
9.9987
9.9987
9.9986
9.9986
9.9986
9.9986
9.9985
9.9985
9.9985
9.9985
9.9985
9.9984
9.9984
9.9984
9.9984
9.9983
9.9983
9.9983
9.9982
9.9982
9.9982
9.9982
9.9981
9.9981
9.9981
9.998
9.998
9.998
9.998
9.9979
9.9979
9.9979
9.9978
9.9978
9.9978
9.9977
9.9977
9.9977
9.9976
9.9976
9.9975
9.9975
9.9975
9.9974
9.9974
9.9974
9.9973
9.9973
9.9972
9.9972
9.9972
9.9971
9.9971
9.997
9.997
9.9969
9.9969
9.9968
9.9968
9.9967
9.9967
9.9967
9.9966
9.9966
9.9965
9.9964
9.9964
9.9963
9.9963
9.9962
9.9962
9.9961
9.9961
9.996
9.996
9.9959
9.9958
9.9958
9.9957
9.9956
9.9956
9.9955
9.9955
9.9954
9.9953
9.9953
9.9952
9.9951
9.9951
9.995
9.9949
9.9948
9.9948
9.9947
9.9946
9.9945
9.9945
9.9944
9.9943
9.9942
9.9941
9.9941
9.994
9.9939
9.9938
9.9937
9.9936
9.9935
9.9934
9.9933
9.9933
9.9932
9.9931
9.993
9.9929
9.9928
9.9927
9.9926
9.9925
9.9924
9.9923
9.9921
9.992
9.9919
9.9918
9.9917
9.9916
9.9915
9.9914
9.9912
9.9911
9.991
9.9909
9.9907
9.9906
9.9905
9.9904
9.9902
9.9901
9.99
9.9898
9.9897
9.9896
9.9894
9.9893
9.9891
9.989
9.9888
9.9887
9.9885
9.9884
9.9882
9.9881
9.9879
9.9877
9.9876
9.9874
9.9873
9.9871
9.9869
9.9867
9.9866
9.9864
9.9862
9.986
9.9858
9.9857
9.9855
9.9853
9.9851
9.9849
9.9847
9.9845
9.9843
9.9841
9.9839
9.9837
9.9835
9.9832
9.983
9.9828
9.9826
9.9824
9.9821
9.9819
9.9817
9.9814
9.9812
9.981
9.9807
9.9805
9.9802
9.98
9.9797
9.9795
9.9792
9.9789
9.9787
9.9784
9.9781
9.9779
9.9776
9.9773
9.977
9.9767
9.9764
9.9761
9.9758
9.9755
9.9752
9.9749
9.9746
9.9743
9.974
9.9736
9.9733
9.973
9.9727
9.9723
9.972
9.9716
9.9713
9.9709
9.9706
9.9702
9.9699
9.9695
9.9691
9.9687
9.9684
9.968
9.9676
9.9672
9.9668
9.9664
9.966
9.9656
9.9652
9.9647
9.9643
9.9639
9.9634
9.963
9.9626
9.9621
9.9617
9.9612
9.9607
9.9603
9.9598
9.9593
9.9588
9.9584
9.9579
9.9574
9.9569
9.9564
9.9558
9.9553
9.9548
9.9543
9.9537
9.9532
9.9527
9.9521
9.9515
9.951
9.9504
9.9498
9.9492
9.9487
9.9481
9.9475
9.9469
9.9462
9.9456
9.945
9.9444
9.9437
9.9431
9.9424
9.9418
9.9411
9.9405
9.9398
9.9391
9.9384
9.9377
9.937
9.9363
9.9356
9.9348
9.9341
9.9334
9.9326
9.9319
9.9311
9.9303
9.9295
9.9288
9.928
9.9272
9.9264
9.9255
9.9247
9.9239
9.923
9.9222
9.9213
9.9205
9.9196
9.9187
9.9178
9.9169
9.916
9.9151
9.9141
9.9132
9.9123
9.9113
9.9103
9.9094
9.9084
9.9074
9.9064
9.9054
9.9044
9.9033
9.9023
9.9012
9.9002
9.8991
9.898
9.897
9.8959
9.8947
9.8936
9.8925
9.8914
9.8902
9.889
9.8879
9.8867
9.8855
9.8843
9.8831
9.8818
9.8806
9.8793
9.8781
9.8768
9.8755
9.8742
9.8729
9.8716
9.8703
9.8689
9.8676
9.8662
9.8648
9.8634
9.862
9.8606
9.8592
9.8577
9.8563
9.8548
9.8533
9.8518
9.8503
9.8488
9.8472
9.8457
9.8441
9.8426
9.841
9.8394
9.8377
9.8361
9.8345
9.8328
9.8311
9.8294
9.8277
9.826
9.8243
9.8225
9.8208
9.819
9.8172
9.8154
9.8135
9.8117
9.8098
9.808
9.8061
9.8042
9.8023
9.8003
9.7984
9.7964
9.7944
9.7924
9.7904
9.7884
9.7863
9.7842
9.7822
9.78
9.7779
9.7758
9.7736
9.7715
9.7693
9.7671
9.7648
9.7626
9.7603
9.758
9.7557
9.7534
9.7511
9.7487
9.7463
9.7439
9.7415
9.7391
9.7366
9.7342
9.7317
9.7292
9.7266
9.7241
9.7215
9.7189
9.7163
9.7137
9.711
9.7083
9.7056
9.7029
9.7002
9.6974
9.6946
9.6918
9.689
9.6862
9.6833
9.6804
9.6775
9.6745
9.6716
9.6686
9.6656
9.6626
9.6595
9.6565
9.6534
9.6502
9.6471
9.6439
9.6408
9.6375
9.6343
9.631
9.6278
9.6244
9.6211
9.6178
9.6144
9.611
9.6075
9.6041
9.6006
9.5971
9.5935
9.59
9.5864
9.5828
9.5791
9.5755
9.5718
9.5681
9.5643
9.5605
9.5567
9.5529
9.5491
9.5452
9.5413
9.5373
9.5334
9.5294
9.5254
9.5213
9.5172
9.5131
9.509
9.5048
9.5006
9.4964
9.4922
9.4879
9.4836
9.4793
9.4749
9.4705
9.4661
9.4616
9.4571
9.4526
9.448
9.4435
9.4389
9.4342
9.4295
9.4248
9.4201
9.4153
9.4105
9.4057
9.4008
9.3959
9.391
9.3861
9.3811
9.376
9.371
9.3659
9.3608
9.3556
9.3504
9.3452
9.3399
9.3346
9.3293
9.324
9.3186
9.3131
9.3077
9.3022
9.2966
9.2911
9.2855
9.2798
9.2741
9.2684
9.2627
9.2569
9.2511
9.2452
9.2394
9.2334
9.2275
9.2215
9.2154
9.2094
9.2032
9.1971
9.1909
9.1847
9.1784
9.1721
9.1658
9.1594
9.153
9.1466
9.1401
9.1335
9.127
9.1204
9.1137
9.1071
9.1003
9.0936
9.0868
9.0799
9.073
9.0661
9.0592
9.0522
9.0451
9.038
9.0309
9.0238
9.0166
9.0093
9.002
8.9947
8.9873
8.9799
8.9725
8.965
8.9574
8.9499
8.9423
8.9346
8.9269
8.9191
8.9114
8.9035
8.8957
8.8877
8.8798
8.8718
8.8637
8.8556
8.8475
8.8393
8.8311
8.8228
8.8145
8.8062
8.7978
8.7894
8.7809
8.7723
8.7638
8.7551
8.7465
8.7378
8.729
8.7202
8.7114
8.7025
8.6936
8.6846
8.6756
8.6665
8.6574
8.6482
8.639
8.6297
8.6204
8.6111
8.6017
8.5923
8.5828
8.5732
8.5637
8.554
8.5444
8.5346
8.5249
8.515
8.5052
8.4953
8.4853
8.4753
8.4653
8.4552
8.445
8.4348
8.4246
8.4143
8.4039
8.3936
8.3831
8.3726
8.3621
8.3515
8.3409
8.3302
8.3195
8.3087
8.2979
8.287
8.2761
8.2651
8.2541
8.243
8.2319
8.2207
8.2095
8.1983
8.187
8.1756
8.1642
8.1527
8.1412
8.1296
8.118
8.1064
8.0947
8.0829
8.0711
8.0592
8.0473
8.0354
8.0234
8.0113
7.9992
7.9871
7.9748
7.9626
7.9503
7.9379
7.9255
7.9131
7.9006
7.888
7.8754
7.8628
7.8501
7.8373
7.8245
7.8116
7.7987
7.7858
7.7728
7.7597
7.7466
7.7335
7.7203
7.707
7.6937
7.6804
7.667
7.6535
7.64
7.6264
7.6128
7.5992
7.5855
7.5717
7.5579
7.5441
7.5302
7.5163
7.5023
7.4882
7.4741
7.46
7.4458
7.4315
7.4172
7.4029
7.3885
7.3741
7.3596
7.345
7.3305
7.3158
7.3011
7.2864
7.2716
7.2568
7.2419
7.227
7.212
7.197
7.1819
7.1668
7.1516
7.1364
7.1212
7.1059
7.0905
7.0751
7.0597
7.0442
7.0286
7.013
6.9974
6.9817
6.966
6.9502
6.9344
6.9185
6.9026
6.8866
6.8706
6.8546
6.8385
6.8223
6.8061
6.7899
6.7736
6.7573
6.7409
6.7245
6.708
6.6915
6.675
6.6584
6.6418
6.6251
6.6083
6.5916
6.5748
6.5579
6.541
6.5241
6.5071
6.4901
6.473
6.4559
6.4388
6.4216
6.4043
6.3871
6.3697
6.3524
6.335
6.3175
6.3001
6.2826
6.265
6.2474
6.2298
6.2121
6.1944
6.1766
6.1588
6.141
6.1231
6.1052
6.0873
6.0693
6.0513
6.0332
6.0151
5.997
5.9788
5.9606
5.9424
5.9241
5.9058
5.8875
5.8691
5.8507
5.8322
5.8137
5.7952
5.7767
5.7581
5.7395
5.7208
5.7021
5.6834
5.6647
5.6459
5.6271
5.6083
5.5894
5.5705
5.5516
5.5326
5.5136
5.4946
5.4756
5.4565
5.4374
5.4182
5.3991
5.3799
5.3607
5.3414
5.3222
5.3029
5.2836
5.2642
5.2448
5.2254
5.206
5.1866
5.1671
5.1476
5.1281
5.1086
5.089
5.0694
5.0498
5.0302
5.0105
4.9909
4.9712
4.9515
4.9318
4.912
4.8922
4.8725
4.8527
4.8328
4.813
4.7931
4.7733
4.7534
4.7335
4.7135
4.6936
4.6737
4.6537
4.6337
4.6137
4.5937
4.5737
4.5537
4.5336
4.5136
4.4935
4.4734
4.4533
4.4332
4.4131
4.393
4.3729
4.3528
4.3326
4.3125
4.2923
4.2721
4.252
4.2318
4.2116
4.1914
4.1712
4.151
4.1308
4.1106
4.0904
4.0702
4.05
4.0298
4.0096
3.9893
3.9691
3.9489
3.9287
3.9085
3.8883
3.8681
3.8479
3.8277
3.8074
3.7872
3.7671
3.7469
3.7267
3.7065
3.6863
3.6662
3.646
3.6258
3.6057
3.5856
3.5654
3.5453
3.5252
3.5051
3.485
3.4649
3.4449
3.4248
3.4048
3.3848
3.3647
3.3447
3.3248
3.3048
3.2848
3.2649
3.245
3.2251
3.2052
3.1853
3.1654
3.1456
3.1258
3.106
3.0862
3.0665
3.0467
3.027
3.0073
2.9877
2.968
2.9484
2.9288
2.9092
2.8897
2.8702
2.8507
2.8312
2.8118
2.7924
2.773
2.7536
2.7343
2.715
2.6957
2.6765
2.6573
2.6381
2.619
2.5999
2.5808
2.5618
2.5428
2.5238
2.5048
2.4859
2.4671
2.4482
2.4295
2.4107
2.392
2.3733
2.3547
2.3361
2.3175
2.299
2.2805
2.2621
2.2437
2.2253
2.207
2.1888
2.1706
2.1524
2.1343
2.1162
2.0981
2.0801
2.0622
2.0443
2.0265
2.0087
1.9909
1.9732
1.9556
1.938
1.9204
1.9029
1.8855
1.8681
1.8507
1.8334
1.8162
1.799
1.7819
1.7649
1.7478
1.7309
1.714
1.6972
1.6804
1.6636
1.647
1.6304
1.6138
1.5973
1.5809
1.5646
1.5483
1.532
1.5158
1.4997
1.4837
1.4677
1.4518
1.4359
1.4201
1.4044
1.3887
1.3731
1.3576
1.3422
1.3268
1.3115
1.2962
1.281
1.2659
1.2509
1.2359
1.221
1.2062
1.1914
1.1767
1.1621
1.1476
1.1331
1.1187
1.1044
1.0902
1.076
1.0619
1.0479
1.034
1.0201
1.0064
0.99267
0.97905
0.96551
0.95205
0.93866
0.92536
0.91214
0.899
0.88594
0.87297
0.86007
0.84726
0.83453
0.82189
0.80933
0.79685
0.78446
0.77215
0.75993
0.74779
0.73574
0.72377
0.7119
0.70011
0.6884
0.67679
0.66526
0.65383
0.64248
0.63122
0.62005
0.60897
0.59798
0.58708
0.57627
0.56556
0.55493
0.5444
0.53396
0.52361
0.51336
0.5032
0.49313
0.48316
0.47328
0.46349
0.45381
0.44421
0.43471
0.42531
0.416
0.40679
0.39768
0.38866
0.37974
0.37092
0.3622
0.35357
0.34505
0.33662
0.32829
0.32006
0.31193
0.30389
0.29596
0.28813
0.2804
0.27277
0.26524
0.25781
0.25049
0.24326
0.23614
0.22912
0.2222
0.21538
0.20867
0.20206
0.19555
0.18915
0.18285
0.17665
0.17056
0.16457
0.15869
0.15291
0.14724
0.14167
0.1362
0.13084
0.12559
0.12044
0.1154
0.11047
0.10564
0.10091
0.096296
0.091785
0.087381
0.083085
0.078895
0.074812
0.070837
0.066969
0.063209
0.059556
0.056011
0.052574
0.049245
0.046024
0.042911
0.039907
0.037011
0.034223
0.031544
0.028974
0.026512
0.02416
0.021916
0.019781
0.017756
0.015839
0.014032
0.012334
0.010745
0.0092653
0.0078952
0.0066346
0.0054835
0.0044418
0.0035098
0.0026873
0.0019744
0.0013711
0.00087755
0.00049363
0.0002194
5.4849e-05
0
