356.97
353.94
350.91
347.88
344.86
341.83
338.81
335.78
332.76
329.73
326.71
323.69
320.67
317.65
314.63
311.61
308.6
305.58
302.57
299.55
296.54
293.52
290.51
287.5
284.49
281.48
278.47
275.46
272.46
269.45
266.44
263.44
260.44
257.43
254.43
251.43
248.43
245.43
242.43
239.43
236.43
233.44
230.44
227.45
224.45
221.46
218.47
215.48
212.48
209.49
206.51
203.52
200.53
197.54
194.56
191.57
188.59
185.6
182.62
179.64
176.66
173.68
170.7
167.72
164.74
161.77
158.79
155.81
152.84
149.87
146.89
143.92
140.95
137.98
135.01
132.04
129.07
126.11
123.14
120.18
117.21
114.25
111.28
108.32
105.36
102.4
99.441
96.483
93.525
90.567
87.611
84.656
81.701
78.747
75.794
72.842
69.89
66.94
63.99
61.041
58.093
55.145
52.199
49.253
46.308
43.364
40.421
37.479
34.537
31.596
28.656
25.717
22.779
19.841
16.905
13.969
11.034
8.0998
5.1664
2.2339
359.3
356.37
353.44
350.51
347.58
344.66
341.73
338.8
335.88
332.95
330.03
327.11
324.19
321.26
318.34
315.42
312.51
309.59
306.67
303.76
300.84
297.93
295.01
292.1
289.19
286.28
283.37
280.46
277.55
274.64
271.73
268.83
265.92
263.02
260.11
257.21
254.31
251.41
248.5
245.6
242.71
239.81
236.91
234.01
231.12
228.22
225.33
222.44
219.54
216.65
213.76
210.87
207.98
205.1
202.21
199.32
196.44
193.55
190.67
187.78
184.9
182.02
179.14
176.26
173.38
170.5
167.62
164.75
161.87
158.99
156.12
153.25
150.37
147.5
144.63
141.76
138.89
136.02
133.16
130.29
127.42
124.56
121.69
118.83
115.97
113.11
110.24
107.38
104.52
101.67
98.808
95.951
93.094
90.239
87.384
84.531
81.678
78.826
75.974
73.124
70.274
67.425
64.577
61.73
58.884
56.038
53.193
50.349
47.506
44.664
41.823
38.982
36.142
33.303
30.465
27.628
24.791
21.956
19.121
16.287
13.453
10.621
7.7894
4.9586
2.1286
359.3
356.47
353.64
350.82
347.99
345.17
342.34
339.52
336.7
333.87
331.05
328.23
325.41
322.6
319.78
316.96
314.14
311.33
308.52
305.7
302.89
300.08
297.27
294.46
291.65
288.84
286.03
283.22
280.42
277.61
274.81
272
269.2
266.4
263.6
260.8
258
255.2
252.4
249.6
246.81
244.01
241.22
238.42
235.63
232.84
230.05
227.26
224.47
221.68
218.89
216.1
213.32
210.53
207.75
204.96
202.18
199.4
196.61
193.83
191.05
188.27
185.5
182.72
179.94
177.17
174.39
171.62
168.84
166.07
163.3
160.53
157.76
154.99
152.22
149.45
146.69
143.92
141.16
138.39
135.63
132.87
130.1
127.34
124.58
121.82
119.06
116.31
113.55
110.79
108.04
105.28
102.53
99.777
97.025
94.274
91.524
88.774
86.026
83.278
80.531
77.785
75.039
72.295
69.551
66.808
64.066
61.324
58.584
55.844
53.105
50.367
47.63
44.894
42.158
39.423
36.689
33.956
31.224
28.493
25.762
23.032
20.303
17.575
14.848
12.121
9.3954
6.6705
3.9464
1.2231
358.5
355.78
353.06
350.34
347.62
344.9
342.18
339.47
336.75
334.04
331.32
328.61
325.9
323.18
320.47
317.76
315.05
312.34
309.64
306.93
304.22
301.52
298.81
296.11
293.41
290.71
288.01
285.31
282.61
279.91
277.21
274.51
271.82
269.12
266.43
263.73
261.04
258.35
255.66
252.97
250.28
247.59
244.9
242.21
239.53
236.84
234.16
231.47
228.79
226.11
223.43
220.74
218.06
215.39
212.71
210.03
207.35
204.68
202
199.33
196.66
193.98
191.31
188.64
185.97
183.3
180.63
177.97
175.3
172.63
169.97
167.31
164.64
161.98
159.32
156.66
154
151.34
148.68
146.02
143.36
140.71
138.05
135.4
132.75
130.09
127.44
124.79
122.14
119.49
116.84
114.19
111.55
108.9
106.26
103.61
100.97
98.325
95.683
93.042
90.402
87.762
85.124
82.486
79.849
77.212
74.577
71.942
69.308
66.675
64.043
61.412
58.781
56.152
53.523
50.895
48.268
45.641
43.016
40.391
37.767
35.144
32.522
29.9
27.279
24.66
22.041
19.422
16.805
14.188
11.573
8.9577
6.3436
3.7303
1.1179
358.51
355.9
353.29
350.68
348.07
345.46
342.85
340.25
337.64
335.04
332.44
329.83
327.23
324.63
322.03
319.43
316.83
314.23
311.64
309.04
306.45
303.85
301.26
298.67
296.07
293.48
290.89
288.3
285.71
283.13
280.54
277.95
275.37
272.78
270.2
267.62
265.03
262.45
259.87
257.29
254.71
252.14
249.56
246.98
244.41
241.83
239.26
236.69
234.11
231.54
228.97
226.4
223.83
221.26
218.7
216.13
213.56
211
208.44
205.87
203.31
200.75
198.19
195.63
193.07
190.51
187.95
185.4
182.84
180.29
177.73
175.18
172.63
170.07
167.52
164.97
162.42
159.88
157.33
154.78
152.23
149.69
147.15
144.6
142.06
139.52
136.98
134.44
131.9
129.36
126.82
124.28
121.75
119.21
116.68
114.14
111.61
109.08
106.55
104.02
101.49
98.959
96.431
93.904
91.377
88.852
86.327
83.804
81.281
78.758
76.237
73.717
71.197
68.678
66.16
63.643
61.126
58.611
56.096
53.582
51.069
48.556
46.045
43.534
41.024
38.515
36.007
33.5
30.993
28.487
25.982
23.478
20.975
18.472
15.971
13.47
10.97
8.4708
5.9724
3.4749
0.97814
358.48
355.99
353.49
351
348.51
346.01
343.52
341.03
338.54
336.06
333.57
331.08
328.6
326.11
323.63
321.14
318.66
316.18
313.7
311.22
308.74
306.26
303.78
301.3
298.83
296.35
293.88
291.4
288.93
286.46
283.99
281.52
279.05
276.58
274.11
271.64
269.18
266.71
264.25
261.78
259.32
256.86
254.4
251.93
249.47
247.02
244.56
242.1
239.64
237.19
234.73
232.28
229.83
227.37
224.92
222.47
220.02
217.57
215.12
212.68
210.23
207.78
205.34
202.89
200.45
198.01
195.57
193.13
190.69
188.25
185.81
183.37
180.93
178.5
176.06
173.63
171.19
168.76
166.33
163.9
161.47
159.04
156.61
154.18
151.76
149.33
146.9
144.48
142.06
139.63
137.21
134.79
132.37
129.95
127.53
125.11
122.7
120.28
117.86
115.45
113.04
110.62
108.21
105.8
103.39
100.98
98.57
96.162
93.755
91.349
88.943
86.538
84.134
81.731
79.329
76.927
74.526
72.127
69.727
67.329
64.932
62.535
60.139
57.744
55.35
52.957
50.565
48.173
45.782
43.392
41.003
38.614
36.227
33.84
31.454
29.069
26.685
24.301
21.919
19.537
17.156
14.776
12.396
10.018
7.64
5.2631
2.887
0.51175
358.14
355.76
353.39
351.02
348.65
346.28
343.91
341.54
339.17
336.8
334.44
332.07
329.71
327.34
324.98
322.62
320.26
317.9
315.54
313.18
310.82
308.46
306.11
303.75
301.4
299.04
296.69
294.34
291.99
289.64
287.29
284.94
282.59
280.24
277.89
275.55
273.2
270.86
268.52
266.17
263.83
261.49
259.15
256.81
254.47
252.14
249.8
247.46
245.13
242.8
240.46
238.13
235.8
233.47
231.14
228.81
226.48
224.15
221.82
219.5
217.17
214.85
212.53
210.2
207.88
205.56
203.24
200.92
198.6
196.28
193.97
191.65
189.33
187.02
184.71
182.39
180.08
177.77
175.46
173.15
170.84
168.53
166.23
163.92
161.61
159.31
157.01
154.7
152.4
150.1
147.8
145.5
143.2
140.9
138.6
136.31
134.01
131.72
129.42
127.13
124.84
122.55
120.26
117.97
115.68
113.39
111.1
108.81
106.53
104.24
101.96
99.677
97.394
95.112
92.831
90.551
88.272
85.994
83.716
81.439
79.163
76.888
74.614
72.341
70.068
67.796
65.525
63.255
60.985
58.717
56.449
54.182
51.916
49.651
47.386
45.123
42.86
40.598
38.337
36.076
33.817
31.558
29.3
27.043
24.787
22.532
20.277
18.023
15.77
13.518
11.267
9.0162
6.7665
4.5176
2.2696
0.02238
357.78
355.53
353.29
351.04
348.8
346.56
344.31
342.07
339.83
337.6
335.36
333.12
330.88
328.65
326.41
324.18
321.95
319.71
317.48
315.25
313.02
310.79
308.56
306.34
304.11
301.88
299.66
297.43
295.21
292.99
290.77
288.54
286.32
284.11
281.89
279.67
277.45
275.24
273.02
270.81
268.59
266.38
264.17
261.96
259.75
257.54
255.33
253.12
250.91
248.71
246.5
244.3
242.09
239.89
237.69
235.49
233.29
231.09
228.89
226.69
224.49
222.3
220.1
217.91
215.71
213.52
211.33
209.14
206.95
204.76
202.57
200.38
198.19
196.01
193.82
191.64
189.45
187.27
185.09
182.9
180.72
178.54
176.36
174.19
172.01
169.83
167.66
165.48
163.31
161.13
158.96
156.79
154.62
152.45
150.28
148.11
145.94
143.78
141.61
139.45
137.28
135.12
132.95
130.79
128.63
126.47
124.31
122.15
120
117.84
115.68
113.53
111.37
109.22
107.07
104.91
102.76
100.61
98.463
96.315
94.167
92.02
89.873
87.728
85.583
83.439
81.296
79.154
77.013
74.872
72.733
70.594
68.456
66.318
64.182
62.046
59.912
57.778
55.645
53.512
51.381
49.25
47.12
44.991
42.863
40.736
38.609
36.483
34.358
32.234
30.111
27.989
25.867
23.746
21.626
19.507
17.388
15.271
13.154
11.038
8.9232
6.809
4.6955
2.5829
0.47113
358.36
356.25
354.14
352.03
349.92
347.82
345.71
343.61
341.5
339.4
337.3
335.19
333.09
330.99
328.89
326.79
324.7
322.6
320.5
318.41
316.31
314.22
312.13
310.03
307.94
305.85
303.76
301.67
299.59
297.5
295.41
293.33
291.24
289.16
287.08
284.99
282.91
280.83
278.75
276.67
274.59
272.52
270.44
268.36
266.29
264.22
262.14
260.07
258
255.93
253.86
251.79
249.72
247.65
245.59
243.52
241.46
239.39
237.33
235.27
233.2
231.14
229.08
227.02
224.96
222.91
220.85
218.79
216.74
214.68
212.63
210.58
208.53
206.48
204.43
202.38
200.33
198.28
196.23
194.19
192.14
190.1
188.05
186.01
183.97
181.93
179.89
177.85
175.81
173.77
171.73
169.7
167.66
165.63
163.59
161.56
159.53
157.5
155.47
153.44
151.41
149.38
147.35
145.33
143.3
141.28
139.25
137.23
135.21
133.18
131.16
129.14
127.12
125.11
123.09
121.07
119.06
117.04
115.03
113.01
111
108.99
106.98
104.97
102.96
100.95
98.944
96.937
94.931
92.926
90.922
88.919
86.916
84.914
82.913
80.913
78.914
76.915
74.917
72.92
70.924
68.929
66.935
64.941
62.948
60.956
58.965
56.975
54.985
52.997
51.009
49.022
47.036
45.05
43.066
41.082
39.099
37.117
35.135
33.155
31.175
29.196
27.218
25.241
23.265
21.289
19.315
17.341
15.368
13.395
11.424
9.4532
7.4834
5.5145
3.5463
1.5789
359.61
357.65
355.68
353.72
351.75
349.79
347.83
345.87
343.91
341.95
339.99
338.03
336.08
334.12
332.17
330.21
328.26
326.31
324.36
322.4
320.45
318.51
316.56
314.61
312.66
310.72
308.77
306.83
304.88
302.94
301
299.06
297.12
295.18
293.24
291.3
289.36
287.43
285.49
283.56
281.62
279.69
277.76
275.83
273.9
271.97
270.04
268.11
266.18
264.26
262.33
260.41
258.48
256.56
254.64
252.72
250.8
248.88
246.96
245.04
243.12
241.21
239.29
237.38
235.46
233.55
231.64
229.73
227.81
225.9
224
222.09
220.18
218.27
216.37
214.46
212.56
210.65
208.75
206.85
204.95
203.05
201.15
199.25
197.35
195.46
193.56
191.67
189.77
187.88
185.99
184.09
182.2
180.31
178.42
176.54
174.65
172.76
170.87
168.99
167.1
165.22
163.34
161.46
159.58
157.69
155.82
153.94
152.06
150.18
148.31
146.43
144.56
142.68
140.81
138.94
137.07
135.19
133.33
131.46
129.59
127.72
125.85
123.99
122.12
120.26
118.4
116.54
114.67
112.81
110.95
109.09
107.24
105.38
103.52
101.67
99.811
97.957
96.104
94.252
92.4
90.549
88.699
86.85
85.002
83.154
81.307
79.462
77.617
75.772
73.929
72.086
70.245
68.404
66.563
64.724
62.886
61.048
59.211
57.375
55.54
53.706
51.872
50.039
48.207
46.376
44.546
42.717
40.888
39.06
37.233
35.407
33.582
31.757
29.933
28.11
26.288
24.467
22.647
20.827
19.008
17.19
15.373
13.557
11.741
9.9266
8.1128
6.2997
4.4875
2.6761
0.8655
359.06
357.25
355.44
353.63
351.82
350.02
348.21
346.41
344.61
342.8
341
339.2
337.4
335.6
333.81
332.01
330.21
328.42
326.62
324.83
323.03
321.24
319.45
317.66
315.87
314.08
312.29
310.5
308.72
306.93
305.14
303.36
301.58
299.79
298.01
296.23
294.45
292.67
290.89
289.12
287.34
285.56
283.79
282.01
280.24
278.47
276.69
274.92
273.15
271.38
269.61
267.85
266.08
264.31
262.55
260.78
259.02
257.26
255.49
253.73
251.97
250.21
248.45
246.7
244.94
243.18
241.43
239.67
237.92
236.16
234.41
232.66
230.91
229.16
227.41
225.66
223.92
222.17
220.42
218.68
216.93
215.19
213.45
211.71
209.97
208.23
206.49
204.75
203.01
201.27
199.54
197.8
196.07
194.34
192.6
190.87
189.14
187.41
185.68
183.95
182.22
180.5
178.77
177.05
175.32
173.6
171.88
170.15
168.43
166.71
164.99
163.27
161.56
159.84
158.12
156.41
154.69
152.98
151.27
149.55
147.84
146.13
144.42
142.71
141.01
139.3
137.59
135.89
134.18
132.48
130.78
129.07
127.37
125.67
123.97
122.27
120.57
118.88
117.18
115.49
113.79
112.1
110.4
108.71
107.02
105.33
103.64
101.95
100.26
98.573
96.887
95.201
93.516
91.832
90.148
88.466
86.784
85.103
83.423
81.744
80.065
78.388
76.711
75.035
73.36
71.686
70.012
68.339
66.668
64.996
63.326
61.657
59.988
58.32
56.654
54.987
53.322
51.658
49.994
48.331
46.669
45.008
43.347
41.688
40.029
38.371
36.714
35.058
33.402
31.748
30.094
28.441
26.789
25.137
23.487
21.837
20.188
18.54
16.893
15.247
13.601
11.956
10.312
8.669
7.0267
5.3852
3.7445
2.1046
0.4656
358.83
357.19
355.55
353.92
352.28
350.65
349.02
347.38
345.75
344.12
342.49
340.86
339.23
337.61
335.98
334.35
332.73
331.1
329.48
327.86
326.24
324.61
322.99
321.37
319.76
318.14
316.52
314.91
313.29
311.68
310.06
308.45
306.84
305.23
303.62
302.01
300.4
298.79
297.18
295.58
293.97
292.37
290.76
289.16
287.56
285.96
284.36
282.76
281.16
279.56
277.96
276.37
274.77
273.18
271.58
269.99
268.4
266.81
265.21
263.62
262.04
260.45
258.86
257.27
255.69
254.1
252.52
250.94
249.35
247.77
246.19
244.61
243.03
241.45
239.88
238.3
236.72
235.15
233.57
232
230.43
228.86
227.29
225.72
224.15
222.58
221.01
219.44
217.88
216.31
214.75
213.18
211.62
210.06
208.5
206.94
205.38
203.82
202.26
200.71
199.15
197.59
196.04
194.49
192.93
191.38
189.83
188.28
186.73
185.18
183.63
182.09
180.54
178.99
177.45
175.91
174.36
172.82
171.28
169.74
168.2
166.66
165.12
163.59
162.05
160.51
158.98
157.44
155.91
154.38
152.85
151.32
149.79
148.26
146.73
145.2
143.68
142.15
140.62
139.1
137.58
136.05
134.53
133.01
131.49
129.97
128.45
126.94
125.42
123.9
122.39
120.87
119.36
117.85
116.34
114.83
113.32
111.81
110.3
108.79
107.28
105.78
104.27
102.77
101.26
99.761
98.259
96.758
95.257
93.758
92.259
90.761
89.264
87.768
86.273
84.778
83.284
81.791
80.299
78.808
77.317
75.828
74.339
72.851
71.364
69.877
68.392
66.907
65.423
63.94
62.458
60.976
59.496
58.016
56.537
55.059
53.581
52.105
50.629
49.154
47.68
46.207
44.734
43.263
41.792
40.322
38.853
37.384
35.917
34.45
32.984
31.519
30.055
28.592
27.129
25.667
24.206
22.746
21.287
19.829
18.371
16.914
15.458
14.003
12.549
11.095
9.6422
8.1903
6.7392
5.289
3.8395
2.3909
0.94307
359.5
358.05
356.6
355.16
353.72
352.27
350.83
349.39
347.95
346.51
345.07
343.63
342.2
340.76
339.32
337.89
336.46
335.02
333.59
332.16
330.73
329.3
327.87
326.44
325.01
323.59
322.16
320.74
319.31
317.89
316.47
315.05
313.63
312.21
310.79
309.37
307.95
306.53
305.12
303.7
302.29
300.88
299.46
298.05
296.64
295.23
293.82
292.41
291.01
289.6
288.19
286.79
285.38
283.98
282.58
281.18
279.77
278.37
276.98
275.58
274.18
272.78
271.39
269.99
268.6
267.2
265.81
264.42
263.03
261.64
260.25
258.86
257.47
256.08
254.7
253.31
251.93
250.54
249.16
247.78
246.4
245.02
243.64
242.26
240.88
239.5
238.13
236.75
235.38
234
232.63
231.26
229.88
228.51
227.14
225.77
224.41
223.04
221.67
220.31
218.94
217.58
216.21
214.85
213.49
212.13
210.77
209.41
208.05
206.69
205.34
203.98
202.63
201.27
199.92
198.57
197.22
195.86
194.51
193.16
191.82
190.47
189.12
187.78
186.43
185.09
183.74
182.4
181.06
179.72
178.38
177.04
175.7
174.36
173.02
171.69
170.35
169.02
167.68
166.35
165.02
163.69
162.36
161.03
159.7
158.37
157.04
155.72
154.39
153.07
151.74
150.42
149.1
147.78
146.46
145.14
143.82
142.5
141.18
139.87
138.55
137.23
135.92
134.61
133.29
131.98
130.67
129.36
128.05
126.75
125.44
124.13
122.83
121.52
120.22
118.91
117.61
116.31
115.01
113.71
112.41
111.11
109.81
108.52
107.22
105.92
104.63
103.34
102.04
100.75
99.461
98.171
96.881
95.593
94.305
93.018
91.732
90.447
89.162
87.879
86.596
85.314
84.033
82.752
81.473
80.194
78.916
77.639
76.363
75.087
73.813
72.539
71.266
69.994
68.722
67.452
66.182
64.913
63.645
62.378
61.111
59.846
58.581
57.317
56.054
54.792
53.53
52.269
51.01
49.751
48.492
47.235
45.978
44.723
43.468
42.214
40.96
39.708
38.456
37.205
35.955
34.706
33.458
32.21
30.964
29.718
28.473
27.228
25.985
24.742
23.5
22.259
21.019
19.78
18.541
17.304
16.067
14.831
13.596
12.361
11.128
9.8948
8.6629
7.4317
6.2014
4.9719
3.7433
2.5154
1.2884
0.062199
358.84
357.61
356.39
355.17
353.94
352.72
351.5
350.28
349.06
347.85
346.63
345.41
344.2
342.98
341.77
340.55
339.34
338.13
336.92
335.71
334.5
333.29
332.09
330.88
329.67
328.47
327.26
326.06
324.86
323.66
322.46
321.26
320.06
318.86
317.66
316.47
315.27
314.07
312.88
311.69
310.49
309.3
308.11
306.92
305.73
304.54
303.36
302.17
300.98
299.8
298.61
297.43
296.25
295.07
293.88
292.7
291.53
290.35
289.17
287.99
286.82
285.64
284.47
283.29
282.12
280.95
279.78
278.61
277.44
276.27
275.1
273.93
272.77
271.6
270.44
269.27
268.11
266.95
265.79
264.63
263.47
262.31
261.15
259.99
258.83
257.68
256.52
255.37
254.22
253.06
251.91
250.76
249.61
248.46
247.32
246.17
245.02
243.88
242.73
241.59
240.44
239.3
238.16
237.02
235.88
234.74
233.6
232.46
231.33
230.19
229.06
227.92
226.79
225.65
224.52
223.39
222.26
221.13
220
218.88
217.75
216.62
215.5
214.37
213.25
212.13
211.01
209.88
208.76
207.64
206.53
205.41
204.29
203.17
202.06
200.94
199.83
198.72
197.61
196.49
195.38
194.27
193.17
192.06
190.95
189.84
188.74
187.63
186.53
185.43
184.32
183.22
182.12
181.02
179.92
178.83
177.73
176.63
175.54
174.44
173.35
172.25
171.16
170.07
168.98
167.89
166.8
165.71
164.62
163.54
162.45
161.37
160.28
159.2
158.12
157.03
155.95
154.87
153.79
152.72
151.64
150.56
149.48
148.41
147.34
146.26
145.19
144.12
143.05
141.98
140.91
139.84
138.77
137.7
136.64
135.57
134.51
133.44
132.38
131.32
130.26
129.2
128.14
127.08
126.02
124.96
123.91
122.85
121.8
120.74
119.69
118.64
117.59
116.54
115.49
114.44
113.39
112.34
111.3
110.25
109.2
108.16
107.12
106.08
105.03
103.99
102.95
101.91
100.88
99.838
98.802
97.766
96.731
95.697
94.664
93.631
92.599
91.569
90.538
89.509
88.481
87.453
86.427
85.401
84.375
83.351
82.328
81.305
80.283
79.262
78.242
77.223
76.204
75.186
74.169
73.153
72.138
71.124
70.11
69.097
68.085
67.074
66.064
65.054
64.045
63.038
62.03
61.024
60.019
59.014
58.01
57.007
56.005
55.004
54.004
53.004
52.005
51.007
50.01
49.013
48.018
47.023
46.029
45.036
44.044
43.052
42.062
41.072
40.083
39.095
38.107
37.121
36.135
35.15
34.166
33.183
32.2
31.219
30.238
29.258
28.279
27.3
26.323
25.346
24.37
23.395
22.421
21.448
20.475
19.503
18.532
17.562
16.593
15.624
14.657
13.69
12.724
11.759
10.794
9.8306
8.8679
7.9059
6.9448
5.9845
5.0251
4.0664
3.1086
2.1516
1.1955
0.2401
359.29
358.33
357.38
356.43
355.48
354.53
353.58
352.63
351.68
350.73
349.79
348.84
347.9
346.95
346.01
345.07
344.12
343.18
342.24
341.31
340.37
339.43
338.49
337.56
336.62
335.69
334.76
333.82
332.89
331.96
331.03
330.1
329.17
328.25
327.32
326.39
325.47
324.54
323.62
322.7
321.78
320.86
319.94
319.02
318.1
317.18
316.26
315.35
314.43
313.52
312.61
311.69
310.78
309.87
308.96
308.05
307.14
306.23
305.33
304.42
303.52
302.61
301.71
300.8
299.9
299
298.1
297.2
296.3
295.4
294.51
293.61
292.72
291.82
290.93
290.03
289.14
288.25
287.36
286.47
285.58
284.69
283.81
282.92
282.03
281.15
280.27
279.38
278.5
277.62
276.74
275.86
274.98
274.1
273.22
272.35
271.47
270.6
269.72
268.85
267.98
267.11
266.23
265.36
264.5
263.63
262.76
261.89
261.03
260.16
259.3
258.43
257.57
256.71
255.85
254.99
254.13
253.27
252.41
251.56
250.7
249.84
248.99
248.14
247.28
246.43
245.58
244.73
243.88
243.03
242.18
241.34
240.49
239.65
238.8
237.96
237.11
236.27
235.43
234.59
233.75
232.91
232.07
231.24
230.4
229.57
228.73
227.9
227.06
226.23
225.4
224.57
223.74
222.91
222.08
221.26
220.43
219.6
218.78
217.95
217.13
216.31
215.49
214.67
213.85
213.03
212.21
211.39
210.58
209.76
208.94
208.13
207.32
206.5
205.69
204.88
204.07
203.26
202.45
201.65
200.84
200.03
199.23
198.42
197.62
196.82
196.02
195.21
194.41
193.61
192.82
192.02
191.22
190.43
189.63
188.84
188.04
187.25
186.46
185.67
184.88
184.09
183.3
182.51
181.72
180.94
180.15
179.37
178.58
177.8
177.02
176.24
175.46
174.68
173.9
173.12
172.34
171.56
170.79
170.01
169.24
168.47
167.69
166.92
166.15
165.38
164.61
163.85
163.08
162.31
161.55
160.78
160.02
159.25
158.49
157.73
156.97
156.21
155.45
154.69
153.93
153.18
152.42
151.67
150.91
150.16
149.41
148.65
147.9
147.15
146.4
145.65
144.91
144.16
143.41
142.67
141.92
141.18
140.44
139.7
138.95
138.21
137.47
136.74
136
135.26
134.52
133.79
133.05
132.32
131.59
130.86
130.12
129.39
128.66
127.94
127.21
126.48
125.75
125.03
124.3
123.58
122.86
122.13
121.41
120.69
119.97
119.25
118.54
117.82
117.1
116.39
115.67
114.96
114.24
113.53
112.82
112.11
111.4
110.69
109.98
109.27
108.57
107.86
107.16
106.45
105.75
105.05
104.34
103.64
102.94
102.24
101.55
100.85
100.15
99.456
98.761
98.066
97.373
96.68
95.988
95.297
94.607
93.917
93.229
92.541
91.854
91.168
90.482
89.798
89.114
88.431
87.749
87.068
86.388
85.708
85.029
84.351
83.674
82.998
82.323
81.648
80.974
80.301
79.629
78.957
78.287
77.617
76.948
76.28
75.613
74.946
74.281
73.616
72.952
72.289
71.627
70.965
70.304
69.644
68.985
68.327
67.67
67.013
66.357
65.702
65.048
64.395
63.742
63.091
62.44
61.79
61.141
60.492
59.845
59.198
58.552
57.907
57.263
56.619
55.976
55.335
54.694
54.053
53.414
52.775
52.138
51.501
50.865
50.229
49.595
48.961
48.329
47.697
47.065
46.435
45.806
45.177
44.549
43.922
43.296
42.67
42.046
41.422
40.799
40.177
39.556
38.935
38.315
37.697
37.079
36.461
35.845
35.229
34.615
34.001
33.388
32.775
32.164
31.553
30.943
30.334
29.726
29.119
28.512
27.907
27.302
26.698
26.094
25.492
24.89
24.29
23.69
23.09
22.492
21.895
21.298
20.702
20.107
19.513
18.919
18.327
17.735
17.144
16.554
15.965
15.376
14.789
14.202
13.616
13.031
12.446
11.863
11.28
10.698
10.117
9.5366
8.9571
8.3785
7.8007
7.2237
6.6475
6.0722
5.4976
4.9239
4.351
3.779
3.2077
2.6373
2.0677
1.4989
0.93097
0.36383
359.8
359.23
358.67
358.1
357.54
356.98
356.42
355.86
355.3
354.74
354.18
353.62
353.07
352.51
351.96
351.4
350.85
350.3
349.74
349.19
348.64
348.09
347.55
347
346.45
345.91
345.36
344.82
344.27
343.73
343.19
342.65
342.11
341.57
341.03
340.49
339.96
339.42
338.89
338.35
337.82
337.29
336.75
336.22
335.69
335.16
334.63
334.11
333.58
333.05
332.53
332
331.48
330.96
330.44
329.91
329.39
328.87
328.36
327.84
327.32
326.8
326.29
325.77
325.26
324.75
324.24
323.72
323.21
322.7
322.19
321.69
321.18
320.67
320.17
319.66
319.16
318.66
318.15
317.65
317.15
316.65
316.15
315.65
315.16
314.66
314.16
313.67
313.18
312.68
312.19
311.7
311.21
310.72
310.23
309.74
309.25
308.77
308.28
307.79
307.31
306.83
306.34
305.86
305.38
304.9
304.42
303.94
303.47
302.99
302.51
302.04
301.56
301.09
300.62
300.15
299.67
299.2
298.73
298.27
297.8
297.33
296.86
296.4
295.93
295.47
295.01
294.55
294.08
293.62
293.16
292.71
292.25
291.79
291.33
290.88
290.42
289.97
289.52
289.07
288.61
288.16
287.71
287.26
286.82
286.37
285.92
285.48
285.03
284.59
284.14
283.7
283.26
282.82
282.38
281.94
281.5
281.07
280.63
280.19
279.76
279.32
278.89
278.46
278.03
277.6
277.16
276.74
276.31
275.88
275.45
275.03
274.6
274.18
273.75
273.33
272.91
272.49
272.07
271.65
271.23
270.81
270.4
269.98
269.56
269.15
268.74
268.32
267.91
267.5
267.09
266.68
266.27
265.86
265.46
265.05
264.64
264.24
263.84
263.43
263.03
262.63
262.23
261.83
261.43
261.03
260.63
260.24
259.84
259.45
259.05
258.66
258.27
257.88
257.49
257.1
256.71
256.32
255.93
255.55
255.16
254.77
254.39
254.01
253.62
253.24
252.86
252.48
252.1
251.72
251.35
250.97
250.59
250.22
249.85
249.47
249.1
248.73
248.36
247.99
247.62
247.25
246.88
246.51
246.15
245.78
245.42
245.05
244.69
244.33
243.97
243.61
243.25
242.89
242.53
242.18
241.82
241.46
241.11
240.76
240.4
240.05
239.7
239.35
239
238.65
238.3
237.96
237.61
237.26
236.92
236.57
236.23
235.89
235.55
235.21
234.87
234.53
234.19
233.85
233.52
233.18
232.85
232.51
232.18
231.85
231.51
231.18
230.85
230.52
230.2
229.87
229.54
229.22
228.89
228.57
228.24
227.92
227.6
227.28
226.96
226.64
226.32
226
225.69
225.37
225.06
224.74
224.43
224.11
223.8
223.49
223.18
222.87
222.56
222.26
221.95
221.64
221.34
221.03
220.73
220.43
220.12
219.82
219.52
219.22
218.92
218.63
218.33
218.03
217.74
217.44
217.15
216.86
216.56
216.27
215.98
215.69
215.4
215.12
214.83
214.54
214.26
213.97
213.69
213.4
213.12
212.84
212.56
212.28
212
211.72
211.44
211.17
210.89
210.62
210.34
210.07
209.8
209.53
209.26
208.99
208.72
208.45
208.18
207.91
207.65
207.38
207.12
206.85
206.59
206.33
206.07
205.81
205.55
205.29
205.03
204.78
204.52
204.26
204.01
203.76
203.5
203.25
203
202.75
202.5
202.25
202
201.76
201.51
201.27
201.02
200.78
200.53
200.29
200.05
199.81
199.57
199.33
199.09
198.86
198.62
198.38
198.15
197.92
197.68
197.45
197.22
196.99
196.76
196.53
196.3
196.07
195.85
195.62
195.4
195.17
194.95
194.73
194.51
194.29
194.07
193.85
193.63
193.41
193.19
192.98
192.76
192.55
192.34
192.12
191.91
191.7
191.49
191.28
191.07
190.86
190.66
190.45
190.25
190.04
189.84
189.64
189.43
189.23
189.03
188.83
188.63
188.44
188.24
188.04
187.85
187.65
187.46
187.27
187.08
186.88
186.69
186.5
186.32
186.13
185.94
185.75
185.57
185.38
185.2
185.02
184.83
184.65
184.47
184.29
184.11
183.94
183.76
183.58
183.41
183.23
183.06
182.88
182.71
182.54
182.37
182.2
182.03
181.86
181.69
181.53
181.36
181.2
181.03
180.87
180.71
180.55
180.39
180.23
180.07
179.91
179.75
179.59
179.44
179.28
179.13
178.97
178.82
178.67
178.52
178.37
178.22
178.07
177.92
177.78
177.63
177.48
177.34
177.2
177.05
176.91
176.77
176.63
176.49
176.35
176.21
176.08
175.94
175.81
175.67
175.54
175.4
175.27
175.14
175.01
174.88
174.75
174.62
174.5
174.37
174.24
174.12
174
173.87
173.75
173.63
173.51
173.39
173.27
173.15
173.03
172.92
172.8
172.69
172.57
172.46
172.35
172.23
172.12
172.01
171.91
171.8
171.69
171.58
171.48
171.37
171.27
171.16
171.06
170.96
170.86
170.76
170.66
170.56
170.46
170.37
170.27
170.17
170.08
169.99
169.89
169.8
169.71
169.62
169.53
169.44
169.35
169.27
169.18
169.1
169.01
168.93
168.85
168.76
168.68
168.6
168.52
168.44
168.37
168.29
168.21
168.14
168.06
167.99
167.91
167.84
167.77
167.7
167.63
167.56
167.49
167.43
167.36
167.29
167.23
167.17
167.1
167.04
166.98
166.92
166.86
166.8
166.74
166.68
166.63
166.57
166.52
166.46
166.41
166.36
166.3
166.25
166.2
166.15
166.1
166.06
166.01
165.96
165.92
165.87
165.83
165.79
165.75
165.71
165.67
165.63
165.59
165.55
165.51
165.48
165.44
165.41
165.37
165.34
165.31
165.28
165.25
165.22
165.19
165.16
165.13
165.11
165.08
165.06
165.03
165.01
164.99
164.97
164.95
164.93
164.91
164.89
164.87
164.86
164.84
164.83
164.81
164.8
164.79
164.78
164.76
164.75
164.75
164.74
164.73
164.72
164.72
164.71
164.71
164.71
164.7
164.7
164.7
164.7
164.7
164.7
164.71
164.71
164.71
164.72
164.72
164.73
164.74
164.75
164.75
164.76
164.78
164.79
164.8
164.81
164.83
164.84
164.86
164.87
164.89
164.91
164.93
164.95
164.97
164.99
165.01
165.03
165.06
165.08
165.11
165.13
165.16
165.19
165.22
165.25
165.28
165.31
165.34
165.37
165.41
165.44
165.48
165.51
165.55
165.59
165.63
165.67
165.71
165.75
165.79
165.83
165.87
165.92
165.96
166.01
166.06
166.1
166.15
166.2
166.25
166.3
166.36
166.41
166.46
166.52
166.57
166.63
166.68
166.74
166.8
166.86
166.92
166.98
167.04
167.1
167.17
167.23
167.29
167.36
167.43
167.49
167.56
167.63
167.7
167.77
167.84
167.91
167.99
168.06
168.14
168.21
168.29
168.37
168.44
168.52
168.6
168.68
168.76
168.85
168.93
169.01
169.1
169.18
169.27
169.35
169.44
169.53
169.62
169.71
169.8
169.89
169.99
170.08
170.17
170.27
170.37
170.46
170.56
170.66
170.76
170.86
170.96
171.06
171.16
171.27
171.37
171.48
171.58
171.69
171.8
171.91
172.01
172.12
172.23
172.35
172.46
172.57
172.69
172.8
172.92
173.03
173.15
173.27
173.39
173.51
173.63
173.75
173.87
174
174.12
174.24
174.37
174.5
174.62
174.75
174.88
175.01
175.14
175.27
175.4
175.54
175.67
175.81
175.94
176.08
176.21
176.35
176.49
176.63
176.77
176.91
177.05
177.2
177.34
177.48
177.63
177.78
177.92
178.07
178.22
178.37
178.52
178.67
178.82
178.97
179.13
179.28
179.44
179.59
179.75
179.91
180.07
180.23
180.39
180.55
180.71
180.87
181.03
181.2
181.36
181.53
181.69
181.86
182.03
182.2
182.37
182.54
182.71
182.88
183.06
183.23
183.41
183.58
183.76
183.94
184.11
184.29
184.47
184.65
184.83
185.02
185.2
185.38
185.57
185.75
185.94
186.13
186.32
186.5
186.69
186.88
187.08
187.27
187.46
187.65
187.85
188.04
188.24
188.44
188.63
188.83
189.03
189.23
189.43
189.64
189.84
190.04
190.25
190.45
190.66
190.86
191.07
191.28
191.49
191.7
191.91
192.12
192.34
192.55
192.76
192.98
193.19
193.41
193.63
193.85
194.07
194.29
194.51
194.73
194.95
195.17
195.4
195.62
195.85
196.07
196.3
196.53
196.76
196.99
197.22
197.45
197.68
197.92
198.15
198.38
198.62
198.86
199.09
199.33
199.57
199.81
200.05
200.29
200.53
200.78
201.02
201.27
201.51
201.76
202
202.25
202.5
202.75
203
203.25
203.5
203.76
204.01
204.26
204.52
204.78
205.03
205.29
205.55
205.81
206.07
206.33
206.59
206.85
207.12
207.38
207.65
207.91
208.18
208.45
208.72
208.99
209.26
209.53
209.8
210.07
210.34
210.62
210.89
211.17
211.44
211.72
212
212.28
212.56
212.84
213.12
213.4
213.69
213.97
214.26
214.54
214.83
215.12
215.4
215.69
215.98
216.27
216.56
216.86
217.15
217.44
217.74
218.03
218.33
218.63
218.92
219.22
219.52
219.82
220.12
220.43
220.73
221.03
221.34
221.64
221.95
222.26
222.56
222.87
223.18
223.49
223.8
224.11
224.43
224.74
225.06
225.37
225.69
226
226.32
226.64
226.96
227.28
227.6
227.92
228.24
228.57
228.89
229.22
229.54
229.87
230.2
230.52
230.85
231.18
231.51
231.85
232.18
232.51
232.85
233.18
233.52
233.85
234.19
234.53
234.87
235.21
235.55
235.89
236.23
236.57
236.92
237.26
237.61
237.96
238.3
238.65
239
239.35
239.7
240.05
240.4
240.76
241.11
241.46
241.82
242.18
242.53
242.89
243.25
243.61
243.97
244.33
244.69
245.05
245.42
245.78
246.15
246.51
246.88
247.25
247.62
247.99
248.36
248.73
249.1
249.47
249.85
250.22
250.59
250.97
251.35
251.72
252.1
252.48
252.86
253.24
253.62
254.01
254.39
254.77
255.16
255.55
255.93
256.32
256.71
257.1
257.49
257.88
258.27
258.66
259.05
259.45
259.84
260.24
260.63
261.03
261.43
261.83
262.23
262.63
263.03
263.43
263.84
264.24
264.64
265.05
265.46
265.86
266.27
266.68
267.09
267.5
267.91
268.32
268.74
269.15
269.56
269.98
270.4
270.81
271.23
271.65
272.07
272.49
272.91
273.33
273.75
274.18
274.6
275.03
275.45
275.88
276.31
276.74
277.16
277.6
278.03
278.46
278.89
279.32
279.76
280.19
280.63
281.07
281.5
281.94
282.38
282.82
283.26
283.7
284.14
284.59
285.03
285.48
285.92
286.37
286.82
287.26
287.71
288.16
288.61
289.07
289.52
289.97
290.42
290.88
291.33
291.79
292.25
292.71
293.16
293.62
294.08
294.55
295.01
295.47
295.93
296.4
296.86
297.33
297.8
298.27
298.73
299.2
299.67
300.15
300.62
301.09
301.56
302.04
302.51
302.99
303.47
303.94
304.42
304.9
305.38
305.86
306.34
306.83
307.31
307.79
308.28
308.77
309.25
309.74
310.23
310.72
311.21
311.7
312.19
312.68
313.18
313.67
314.16
314.66
315.16
315.65
316.15
316.65
317.15
317.65
318.15
318.66
319.16
319.66
320.17
320.67
321.18
321.69
322.19
322.7
323.21
323.72
324.24
324.75
325.26
325.77
326.29
326.8
327.32
327.84
328.36
328.87
329.39
329.91
330.44
330.96
331.48
332
332.53
333.05
333.58
334.11
334.63
335.16
335.69
336.22
336.75
337.29
337.82
338.35
338.89
339.42
339.96
340.49
341.03
341.57
342.11
342.65
343.19
343.73
344.27
344.82
345.36
345.91
346.45
347
347.55
348.09
348.64
349.19
349.74
350.3
350.85
351.4
351.96
352.51
353.07
353.62
354.18
354.74
355.3
355.86
356.42
356.98
357.54
358.1
358.67
359.23
359.8
0.36383
0.93097
1.4989
2.0677
2.6373
3.2077
3.779
4.351
4.9239
5.4976
6.0722
6.6475
7.2237
7.8007
8.3785
8.9571
9.5366
10.117
10.698
11.28
11.863
12.446
13.031
13.616
14.202
14.789
15.376
15.965
16.554
17.144
17.735
18.327
18.919
19.513
20.107
20.702
21.298
21.895
22.492
23.09
23.69
24.29
24.89
25.492
26.094
26.698
27.302
27.907
28.512
29.119
29.726
30.334
30.943
31.553
32.164
32.775
33.388
34.001
34.615
35.229
35.845
36.461
37.079
37.697
38.315
38.935
39.556
40.177
40.799
41.422
42.046
42.67
43.296
43.922
44.549
45.177
45.806
46.435
47.065
47.697
48.329
48.961
49.595
50.229
50.865
51.501
52.138
52.775
53.414
54.053
54.694
55.335
55.976
56.619
57.263
57.907
58.552
59.198
59.845
60.492
61.141
61.79
62.44
63.091
63.742
64.395
65.048
65.702
66.357
67.013
67.67
68.327
68.985
69.644
70.304
70.965
71.627
72.289
72.952
73.616
74.281
74.946
75.613
76.28
76.948
77.617
78.287
78.957
79.629
80.301
80.974
81.648
82.323
82.998
83.674
84.351
85.029
85.708
86.388
87.068
87.749
88.431
89.114
89.798
90.482
91.168
91.854
92.541
93.229
93.917
94.607
95.297
95.988
96.68
97.373
98.066
98.761
99.456
100.15
100.85
101.55
102.24
102.94
103.64
104.34
105.05
105.75
106.45
107.16
107.86
108.57
109.27
109.98
110.69
111.4
112.11
112.82
113.53
114.24
114.96
115.67
116.39
117.1
117.82
118.54
119.25
119.97
120.69
121.41
122.13
122.86
123.58
124.3
125.03
125.75
126.48
127.21
127.94
128.66
129.39
130.12
130.86
131.59
132.32
133.05
133.79
134.52
135.26
136
136.74
137.47
138.21
138.95
139.7
140.44
141.18
141.92
142.67
143.41
144.16
144.91
145.65
146.4
147.15
147.9
148.65
149.41
150.16
150.91
151.67
152.42
153.18
153.93
154.69
155.45
156.21
156.97
157.73
158.49
159.25
160.02
160.78
161.55
162.31
163.08
163.85
164.61
165.38
166.15
166.92
167.69
168.47
169.24
170.01
170.79
171.56
172.34
173.12
173.9
174.68
175.46
176.24
177.02
177.8
178.58
179.37
180.15
180.94
181.72
182.51
183.3
184.09
184.88
185.67
186.46
187.25
188.04
188.84
189.63
190.43
191.22
192.02
192.82
193.61
194.41
195.21
196.02
196.82
197.62
198.42
199.23
200.03
200.84
201.65
202.45
203.26
204.07
204.88
205.69
206.5
207.32
208.13
208.94
209.76
210.58
211.39
212.21
213.03
213.85
214.67
215.49
216.31
217.13
217.95
218.78
219.6
220.43
221.26
222.08
222.91
223.74
224.57
225.4
226.23
227.06
227.9
228.73
229.57
230.4
231.24
232.07
232.91
233.75
234.59
235.43
236.27
237.11
237.96
238.8
239.65
240.49
241.34
242.18
243.03
243.88
244.73
245.58
246.43
247.28
248.14
248.99
249.84
250.7
251.56
252.41
253.27
254.13
254.99
255.85
256.71
257.57
258.43
259.3
260.16
261.03
261.89
262.76
263.63
264.5
265.36
266.23
267.11
267.98
268.85
269.72
270.6
271.47
272.35
273.22
274.1
274.98
275.86
276.74
277.62
278.5
279.38
280.27
281.15
282.03
282.92
283.81
284.69
285.58
286.47
287.36
288.25
289.14
290.03
290.93
291.82
292.72
293.61
294.51
295.4
296.3
297.2
298.1
299
299.9
300.8
301.71
302.61
303.52
304.42
305.33
306.23
307.14
308.05
308.96
309.87
310.78
311.69
312.61
313.52
314.43
315.35
316.26
317.18
318.1
319.02
319.94
320.86
321.78
322.7
323.62
324.54
325.47
326.39
327.32
328.25
329.17
330.1
331.03
331.96
332.89
333.82
334.76
335.69
336.62
337.56
338.49
339.43
340.37
341.31
342.24
343.18
344.12
345.07
346.01
346.95
347.9
348.84
349.79
350.73
351.68
352.63
353.58
354.53
355.48
356.43
357.38
358.33
359.29
0.2401
1.1955
2.1516
3.1086
4.0664
5.0251
5.9845
6.9448
7.9059
8.8679
9.8306
10.794
11.759
12.724
13.69
14.657
15.624
16.593
17.562
18.532
19.503
20.475
21.448
22.421
23.395
24.37
25.346
26.323
27.3
28.279
29.258
30.238
31.219
32.2
33.183
34.166
35.15
36.135
37.121
38.107
39.095
40.083
41.072
42.062
43.052
44.044
45.036
46.029
47.023
48.018
49.013
50.01
51.007
52.005
53.004
54.004
55.004
56.005
57.007
58.01
59.014
60.019
61.024
62.03
63.038
64.045
65.054
66.064
67.074
68.085
69.097
70.11
71.124
72.138
73.153
74.169
75.186
76.204
77.223
78.242
79.262
80.283
81.305
82.328
83.351
84.375
85.401
86.427
87.453
88.481
89.509
90.538
91.569
92.599
93.631
94.664
95.697
96.731
97.766
98.802
99.838
100.88
101.91
102.95
103.99
105.03
106.08
107.12
108.16
109.2
110.25
111.3
112.34
113.39
114.44
115.49
116.54
117.59
118.64
119.69
120.74
121.8
122.85
123.91
124.96
126.02
127.08
128.14
129.2
130.26
131.32
132.38
133.44
134.51
135.57
136.64
137.7
138.77
139.84
140.91
141.98
143.05
144.12
145.19
146.26
147.34
148.41
149.48
150.56
151.64
152.72
153.79
154.87
155.95
157.03
158.12
159.2
160.28
161.37
162.45
163.54
164.62
165.71
166.8
167.89
168.98
170.07
171.16
172.25
173.35
174.44
175.54
176.63
177.73
178.83
179.92
181.02
182.12
183.22
184.32
185.43
186.53
187.63
188.74
189.84
190.95
192.06
193.17
194.27
195.38
196.49
197.61
198.72
199.83
200.94
202.06
203.17
204.29
205.41
206.53
207.64
208.76
209.88
211.01
212.13
213.25
214.37
215.5
216.62
217.75
218.88
220
221.13
222.26
223.39
224.52
225.65
226.79
227.92
229.06
230.19
231.33
232.46
233.6
234.74
235.88
237.02
238.16
239.3
240.44
241.59
242.73
243.88
245.02
246.17
247.32
248.46
249.61
250.76
251.91
253.06
254.22
255.37
256.52
257.68
258.83
259.99
261.15
262.31
263.47
264.63
265.79
266.95
268.11
269.27
270.44
271.6
272.77
273.93
275.1
276.27
277.44
278.61
279.78
280.95
282.12
283.29
284.47
285.64
286.82
287.99
289.17
290.35
291.53
292.7
293.88
295.07
296.25
297.43
298.61
299.8
300.98
302.17
303.36
304.54
305.73
306.92
308.11
309.3
310.49
311.69
312.88
314.07
315.27
316.47
317.66
318.86
320.06
321.26
322.46
323.66
324.86
326.06
327.26
328.47
329.67
330.88
332.09
333.29
334.5
335.71
336.92
338.13
339.34
340.55
341.77
342.98
344.2
345.41
346.63
347.85
349.06
350.28
351.5
352.72
353.94
355.17
356.39
357.61
358.84
0.062199
1.2884
2.5154
3.7433
4.9719
6.2014
7.4317
8.6629
9.8948
11.128
12.361
13.596
14.831
16.067
17.304
18.541
19.78
21.019
22.259
23.5
24.742
25.985
27.228
28.473
29.718
30.964
32.21
33.458
34.706
35.955
37.205
38.456
39.708
40.96
42.214
43.468
44.723
45.978
47.235
48.492
49.751
51.01
52.269
53.53
54.792
56.054
57.317
58.581
59.846
61.111
62.378
63.645
64.913
66.182
67.452
68.722
69.994
71.266
72.539
73.813
75.087
76.363
77.639
78.916
80.194
81.473
82.752
84.033
85.314
86.596
87.879
89.162
90.447
91.732
93.018
94.305
95.593
96.881
98.171
99.461
100.75
102.04
103.34
104.63
105.92
107.22
108.52
109.81
111.11
112.41
113.71
115.01
116.31
117.61
118.91
120.22
121.52
122.83
124.13
125.44
126.75
128.05
129.36
130.67
131.98
133.29
134.61
135.92
137.23
138.55
139.87
141.18
142.5
143.82
145.14
146.46
147.78
149.1
150.42
151.74
153.07
154.39
155.72
157.04
158.37
159.7
161.03
162.36
163.69
165.02
166.35
167.68
169.02
170.35
171.69
173.02
174.36
175.7
177.04
178.38
179.72
181.06
182.4
183.74
185.09
186.43
187.78
189.12
190.47
191.82
193.16
194.51
195.86
197.22
198.57
199.92
201.27
202.63
203.98
205.34
206.69
208.05
209.41
210.77
212.13
213.49
214.85
216.21
217.58
218.94
220.31
221.67
223.04
224.41
225.77
227.14
228.51
229.88
231.26
232.63
234
235.38
236.75
238.13
239.5
240.88
242.26
243.64
245.02
246.4
247.78
249.16
250.54
251.93
253.31
254.7
256.08
257.47
258.86
260.25
261.64
263.03
264.42
265.81
267.2
268.6
269.99
271.39
272.78
274.18
275.58
276.98
278.37
279.77
281.18
282.58
283.98
285.38
286.79
288.19
289.6
291.01
292.41
293.82
295.23
296.64
298.05
299.46
300.88
302.29
303.7
305.12
306.53
307.95
309.37
310.79
312.21
313.63
315.05
316.47
317.89
319.31
320.74
322.16
323.59
325.01
326.44
327.87
329.3
330.73
332.16
333.59
335.02
336.46
337.89
339.32
340.76
342.2
343.63
345.07
346.51
347.95
349.39
350.83
352.27
353.72
355.16
356.6
358.05
359.5
0.94307
2.3909
3.8395
5.289
6.7392
8.1903
9.6422
11.095
12.549
14.003
15.458
16.914
18.371
19.829
21.287
22.746
24.206
25.667
27.129
28.592
30.055
31.519
32.984
34.45
35.917
37.384
38.853
40.322
41.792
43.263
44.734
46.207
47.68
49.154
50.629
52.105
53.581
55.059
56.537
58.016
59.496
60.976
62.458
63.94
65.423
66.907
68.392
69.877
71.364
72.851
74.339
75.828
77.317
78.808
80.299
81.791
83.284
84.778
86.273
87.768
89.264
90.761
92.259
93.758
95.257
96.758
98.259
99.761
101.26
102.77
104.27
105.78
107.28
108.79
110.3
111.81
113.32
114.83
116.34
117.85
119.36
120.87
122.39
123.9
125.42
126.94
128.45
129.97
131.49
133.01
134.53
136.05
137.58
139.1
140.62
142.15
143.68
145.2
146.73
148.26
149.79
151.32
152.85
154.38
155.91
157.44
158.98
160.51
162.05
163.59
165.12
166.66
168.2
169.74
171.28
172.82
174.36
175.91
177.45
178.99
180.54
182.09
183.63
185.18
186.73
188.28
189.83
191.38
192.93
194.49
196.04
197.59
199.15
200.71
202.26
203.82
205.38
206.94
208.5
210.06
211.62
213.18
214.75
216.31
217.88
219.44
221.01
222.58
224.15
225.72
227.29
228.86
230.43
232
233.57
235.15
236.72
238.3
239.88
241.45
243.03
244.61
246.19
247.77
249.35
250.94
252.52
254.1
255.69
257.27
258.86
260.45
262.04
263.62
265.21
266.81
268.4
269.99
271.58
273.18
274.77
276.37
277.96
279.56
281.16
282.76
284.36
285.96
287.56
289.16
290.76
292.37
293.97
295.58
297.18
298.79
300.4
302.01
303.62
305.23
306.84
308.45
310.06
311.68
313.29
314.91
316.52
318.14
319.76
321.37
322.99
324.61
326.24
327.86
329.48
331.1
332.73
334.35
335.98
337.61
339.23
340.86
342.49
344.12
345.75
347.38
349.02
350.65
352.28
353.92
355.55
357.19
358.83
0.4656
2.1046
3.7445
5.3852
7.0267
8.669
10.312
11.956
13.601
15.247
16.893
18.54
20.188
21.837
23.487
25.137
26.789
28.441
30.094
31.748
33.402
35.058
36.714
38.371
40.029
41.688
43.347
45.008
46.669
48.331
49.994
51.658
53.322
54.987
56.654
58.32
59.988
61.657
63.326
64.996
66.668
68.339
70.012
71.686
73.36
75.035
76.711
78.388
80.065
81.744
83.423
85.103
86.784
88.466
90.148
91.832
93.516
95.201
96.887
98.573
100.26
101.95
103.64
105.33
107.02
108.71
110.4
112.1
113.79
115.49
117.18
118.88
120.57
122.27
123.97
125.67
127.37
129.07
130.78
132.48
134.18
135.89
137.59
139.3
141.01
142.71
144.42
146.13
147.84
149.55
151.27
152.98
154.69
156.41
158.12
159.84
161.56
163.27
164.99
166.71
168.43
170.15
171.88
173.6
175.32
177.05
178.77
180.5
182.22
183.95
185.68
187.41
189.14
190.87
192.6
194.34
196.07
197.8
199.54
201.27
203.01
204.75
206.49
208.23
209.97
211.71
213.45
215.19
216.93
218.68
220.42
222.17
223.92
225.66
227.41
229.16
230.91
232.66
234.41
236.16
237.92
239.67
241.43
243.18
244.94
246.7
248.45
250.21
251.97
253.73
255.49
257.26
259.02
260.78
262.55
264.31
266.08
267.85
269.61
271.38
273.15
274.92
276.69
278.47
280.24
282.01
283.79
285.56
287.34
289.12
290.89
292.67
294.45
296.23
298.01
299.79
301.58
303.36
305.14
306.93
308.72
310.5
312.29
314.08
315.87
317.66
319.45
321.24
323.03
324.83
326.62
328.42
330.21
332.01
333.81
335.6
337.4
339.2
341
342.8
344.61
346.41
348.21
350.02
351.82
353.63
355.44
357.25
359.06
0.8655
2.6761
4.4875
6.2997
8.1128
9.9266
11.741
13.557
15.373
17.19
19.008
20.827
22.647
24.467
26.288
28.11
29.933
31.757
33.582
35.407
37.233
39.06
40.888
42.717
44.546
46.376
48.207
50.039
51.872
53.706
55.54
57.375
59.211
61.048
62.886
64.724
66.563
68.404
70.245
72.086
73.929
75.772
77.617
79.462
81.307
83.154
85.002
86.85
88.699
90.549
92.4
94.252
96.104
97.957
99.811
101.67
103.52
105.38
107.24
109.09
110.95
112.81
114.67
116.54
118.4
120.26
122.12
123.99
125.85
127.72
129.59
131.46
133.33
135.19
137.07
138.94
140.81
142.68
144.56
146.43
148.31
150.18
152.06
153.94
155.82
157.69
159.58
161.46
163.34
165.22
167.1
168.99
170.87
172.76
174.65
176.54
178.42
180.31
182.2
184.09
185.99
187.88
189.77
191.67
193.56
195.46
197.35
199.25
201.15
203.05
204.95
206.85
208.75
210.65
212.56
214.46
216.37
218.27
220.18
222.09
224
225.9
227.81
229.73
231.64
233.55
235.46
237.38
239.29
241.21
243.12
245.04
246.96
248.88
250.8
252.72
254.64
256.56
258.48
260.41
262.33
264.26
266.18
268.11
270.04
271.97
273.9
275.83
277.76
279.69
281.62
283.56
285.49
287.43
289.36
291.3
293.24
295.18
297.12
299.06
301
302.94
304.88
306.83
308.77
310.72
312.66
314.61
316.56
318.51
320.45
322.4
324.36
326.31
328.26
330.21
332.17
334.12
336.08
338.03
339.99
341.95
343.91
345.87
347.83
349.79
351.75
353.72
355.68
357.65
359.61
1.5789
3.5463
5.5145
7.4834
9.4532
11.424
13.395
15.368
17.341
19.315
21.289
23.265
25.241
27.218
29.196
31.175
33.155
35.135
37.117
39.099
41.082
43.066
45.05
47.036
49.022
51.009
52.997
54.985
56.975
58.965
60.956
62.948
64.941
66.935
68.929
70.924
72.92
74.917
76.915
78.914
80.913
82.913
84.914
86.916
88.919
90.922
92.926
94.931
96.937
98.944
100.95
102.96
104.97
106.98
108.99
111
113.01
115.03
117.04
119.06
121.07
123.09
125.11
127.12
129.14
131.16
133.18
135.21
137.23
139.25
141.28
143.3
145.33
147.35
149.38
151.41
153.44
155.47
157.5
159.53
161.56
163.59
165.63
167.66
169.7
171.73
173.77
175.81
177.85
179.89
181.93
183.97
186.01
188.05
190.1
192.14
194.19
196.23
198.28
200.33
202.38
204.43
206.48
208.53
210.58
212.63
214.68
216.74
218.79
220.85
222.91
224.96
227.02
229.08
231.14
233.2
235.27
237.33
239.39
241.46
243.52
245.59
247.65
249.72
251.79
253.86
255.93
258
260.07
262.14
264.22
266.29
268.36
270.44
272.52
274.59
276.67
278.75
280.83
282.91
284.99
287.08
289.16
291.24
293.33
295.41
297.5
299.59
301.67
303.76
305.85
307.94
310.03
312.13
314.22
316.31
318.41
320.5
322.6
324.7
326.79
328.89
330.99
333.09
335.19
337.3
339.4
341.5
343.61
345.71
347.82
349.92
352.03
354.14
356.25
358.36
0.47113
2.5829
4.6955
6.809
8.9232
11.038
13.154
15.271
17.388
19.507
21.626
23.746
25.867
27.989
30.111
32.234
34.358
36.483
38.609
40.736
42.863
44.991
47.12
49.25
51.381
53.512
55.645
57.778
59.912
62.046
64.182
66.318
68.456
70.594
72.733
74.872
77.013
79.154
81.296
83.439
85.583
87.728
89.873
92.02
94.167
96.315
98.463
100.61
102.76
104.91
107.07
109.22
111.37
113.53
115.68
117.84
120
122.15
124.31
126.47
128.63
130.79
132.95
135.12
137.28
139.45
141.61
143.78
145.94
148.11
150.28
152.45
154.62
156.79
158.96
161.13
163.31
165.48
167.66
169.83
172.01
174.19
176.36
178.54
180.72
182.9
185.09
187.27
189.45
191.64
193.82
196.01
198.19
200.38
202.57
204.76
206.95
209.14
211.33
213.52
215.71
217.91
220.1
222.3
224.49
226.69
228.89
231.09
233.29
235.49
237.69
239.89
242.09
244.3
246.5
248.71
250.91
253.12
255.33
257.54
259.75
261.96
264.17
266.38
268.59
270.81
273.02
275.24
277.45
279.67
281.89
284.11
286.32
288.54
290.77
292.99
295.21
297.43
299.66
301.88
304.11
306.34
308.56
310.79
313.02
315.25
317.48
319.71
321.95
324.18
326.41
328.65
330.88
333.12
335.36
337.6
339.83
342.07
344.31
346.56
348.8
351.04
353.29
355.53
357.78
0.02238
2.2696
4.5176
6.7665
9.0162
11.267
13.518
15.77
18.023
20.277
22.532
24.787
27.043
29.3
31.558
33.817
36.076
38.337
40.598
42.86
45.123
47.386
49.651
51.916
54.182
56.449
58.717
60.985
63.255
65.525
67.796
70.068
72.341
74.614
76.888
79.163
81.439
83.716
85.994
88.272
90.551
92.831
95.112
97.394
99.677
101.96
104.24
106.53
108.81
111.1
113.39
115.68
117.97
120.26
122.55
124.84
127.13
129.42
131.72
134.01
136.31
138.6
140.9
143.2
145.5
147.8
150.1
152.4
154.7
157.01
159.31
161.61
163.92
166.23
168.53
170.84
173.15
175.46
177.77
180.08
182.39
184.71
187.02
189.33
191.65
193.97
196.28
198.6
200.92
203.24
205.56
207.88
210.2
212.53
214.85
217.17
219.5
221.82
224.15
226.48
228.81
231.14
233.47
235.8
238.13
240.46
242.8
245.13
247.46
249.8
252.14
254.47
256.81
259.15
261.49
263.83
266.17
268.52
270.86
273.2
275.55
277.89
280.24
282.59
284.94
287.29
289.64
291.99
294.34
296.69
299.04
301.4
303.75
306.11
308.46
310.82
313.18
315.54
317.9
320.26
322.62
324.98
327.34
329.71
332.07
334.44
336.8
339.17
341.54
343.91
346.28
348.65
351.02
353.39
355.76
358.14
0.51175
2.887
5.2631
7.64
10.018
12.396
14.776
17.156
19.537
21.919
24.301
26.685
29.069
31.454
33.84
36.227
38.614
41.003
43.392
45.782
48.173
50.565
52.957
55.35
57.744
60.139
62.535
64.932
67.329
69.727
72.127
74.526
76.927
79.329
81.731
84.134
86.538
88.943
91.349
93.755
96.162
98.57
100.98
103.39
105.8
108.21
110.62
113.04
115.45
117.86
120.28
122.7
125.11
127.53
129.95
132.37
134.79
137.21
139.63
142.06
144.48
146.9
149.33
151.76
154.18
156.61
159.04
161.47
163.9
166.33
168.76
171.19
173.63
176.06
178.5
180.93
183.37
185.81
188.25
190.69
193.13
195.57
198.01
200.45
202.89
205.34
207.78
210.23
212.68
215.12
217.57
220.02
222.47
224.92
227.37
229.83
232.28
234.73
237.19
239.64
242.1
244.56
247.02
249.47
251.93
254.4
256.86
259.32
261.78
264.25
266.71
269.18
271.64
274.11
276.58
279.05
281.52
283.99
286.46
288.93
291.4
293.88
296.35
298.83
301.3
303.78
306.26
308.74
311.22
313.7
316.18
318.66
321.14
323.63
326.11
328.6
331.08
333.57
336.06
338.54
341.03
343.52
346.01
348.51
351
353.49
355.99
358.48
0.97814
3.4749
5.9724
8.4708
10.97
13.47
15.971
18.472
20.975
23.478
25.982
28.487
30.993
33.5
36.007
38.515
41.024
43.534
46.045
48.556
51.069
53.582
56.096
58.611
61.126
63.643
66.16
68.678
71.197
73.717
76.237
78.758
81.281
83.804
86.327
88.852
91.377
93.904
96.431
98.959
101.49
104.02
106.55
109.08
111.61
114.14
116.68
119.21
121.75
124.28
126.82
129.36
131.9
134.44
136.98
139.52
142.06
144.6
147.15
149.69
152.23
154.78
157.33
159.88
162.42
164.97
167.52
170.07
172.63
175.18
177.73
180.29
182.84
185.4
187.95
190.51
193.07
195.63
198.19
200.75
203.31
205.87
208.44
211
213.56
216.13
218.7
221.26
223.83
226.4
228.97
231.54
234.11
236.69
239.26
241.83
244.41
246.98
249.56
252.14
254.71
257.29
259.87
262.45
265.03
267.62
270.2
272.78
275.37
277.95
280.54
283.13
285.71
288.3
290.89
293.48
296.07
298.67
301.26
303.85
306.45
309.04
311.64
314.23
316.83
319.43
322.03
324.63
327.23
329.83
332.44
335.04
337.64
340.25
342.85
345.46
348.07
350.68
353.29
355.9
358.51
1.1179
3.7303
6.3436
8.9577
11.573
14.188
16.805
19.422
22.041
24.66
27.279
29.9
32.522
35.144
37.767
40.391
43.016
45.641
48.268
50.895
53.523
56.152
58.781
61.412
64.043
66.675
69.308
71.942
74.577
77.212
79.849
82.486
85.124
87.762
90.402
93.042
95.683
98.325
100.97
103.61
106.26
108.9
111.55
114.19
116.84
119.49
122.14
124.79
127.44
130.09
132.75
135.4
138.05
140.71
143.36
146.02
148.68
151.34
154
156.66
159.32
161.98
164.64
167.31
169.97
172.63
175.3
177.97
180.63
183.3
185.97
188.64
191.31
193.98
196.66
199.33
202
204.68
207.35
210.03
212.71
215.39
218.06
220.74
223.43
226.11
228.79
231.47
234.16
236.84
239.53
242.21
244.9
247.59
250.28
252.97
255.66
258.35
261.04
263.73
266.43
269.12
271.82
274.51
277.21
279.91
282.61
285.31
288.01
290.71
293.41
296.11
298.81
301.52
304.22
306.93
309.64
312.34
315.05
317.76
320.47
323.18
325.9
328.61
331.32
334.04
336.75
339.47
342.18
344.9
347.62
350.34
353.06
355.78
358.5
1.2231
3.9464
6.6705
9.3954
12.121
14.848
17.575
20.303
23.032
25.762
28.493
31.224
33.956
36.689
39.423
42.158
44.894
47.63
50.367
53.105
55.844
58.584
61.324
64.066
66.808
69.551
72.295
75.039
77.785
80.531
83.278
86.026
88.774
91.524
94.274
97.025
99.777
102.53
105.28
108.04
110.79
113.55
116.31
119.06
121.82
124.58
127.34
130.1
132.87
135.63
138.39
141.16
143.92
146.69
149.45
152.22
154.99
157.76
160.53
163.3
166.07
168.84
171.62
174.39
177.17
179.94
182.72
185.5
188.27
191.05
193.83
196.61
199.4
202.18
204.96
207.75
210.53
213.32
216.1
218.89
221.68
224.47
227.26
230.05
232.84
235.63
238.42
241.22
244.01
246.81
249.6
252.4
255.2
258
260.8
263.6
266.4
269.2
272
274.81
277.61
280.42
283.22
286.03
288.84
291.65
294.46
297.27
300.08
302.89
305.7
308.52
311.33
314.14
316.96
319.78
322.6
325.41
328.23
331.05
333.87
336.7
339.52
342.34
345.17
347.99
350.82
353.64
356.47
359.3
2.1286
4.9586
7.7894
10.621
13.453
16.287
19.121
21.956
24.791
27.628
30.465
33.303
36.142
38.982
41.823
44.664
47.506
50.349
53.193
56.038
58.884
61.73
64.577
67.425
70.274
73.124
75.974
78.826
81.678
84.531
87.384
90.239
93.094
95.951
98.808
101.67
104.52
107.38
110.24
113.11
115.97
118.83
121.69
124.56
127.42
130.29
133.16
136.02
138.89
141.76
144.63
147.5
150.37
153.25
156.12
158.99
161.87
164.75
167.62
170.5
173.38
176.26
179.14
182.02
184.9
187.78
190.67
193.55
196.44
199.32
202.21
205.1
207.98
210.87
213.76
216.65
219.54
222.44
225.33
228.22
231.12
234.01
236.91
239.81
242.71
245.6
248.5
251.41
254.31
257.21
260.11
263.02
265.92
268.83
271.73
274.64
277.55
280.46
283.37
286.28
289.19
292.1
295.01
297.93
300.84
303.76
306.67
309.59
312.51
315.42
318.34
321.26
324.19
327.11
330.03
332.95
335.88
338.8
341.73
344.66
347.58
350.51
353.44
356.37
359.3
2.2339
5.1664
8.0998
11.034
13.969
16.905
19.841
22.779
25.717
28.656
31.596
34.537
37.479
40.421
43.364
46.308
49.253
52.199
55.145
58.093
61.041
63.99
66.94
69.89
72.842
75.794
78.747
81.701
84.656
87.611
90.567
93.525
96.483
99.441
102.4
105.36
108.32
111.28
114.25
117.21
120.18
123.14
126.11
129.07
132.04
135.01
137.98
140.95
143.92
146.89
149.87
152.84
155.81
158.79
161.77
164.74
167.72
170.7
173.68
176.66
179.64
182.62
185.6
188.59
191.57
194.56
197.54
200.53
203.52
206.51
209.49
212.48
215.48
218.47
221.46
224.45
227.45
230.44
233.44
236.43
239.43
242.43
245.43
248.43
251.43
254.43
257.43
260.44
263.44
266.44
269.45
272.46
275.46
278.47
281.48
284.49
287.5
290.51
293.52
296.54
299.55
302.57
305.58
308.6
311.61
314.63
317.65
320.67
323.69
326.71
329.73
332.76
335.78
338.81
341.83
344.86
347.88
350.91
353.94
356.97
8.6501e-13
