-0.0088421
-0.0066491
-0.0044381
-0.0022115
2.7707e-05
0.002277
0.0045336
0.0067948
0.0090577
0.01132
0.013578
0.015829
0.018071
0.020301
0.022516
0.024713
0.026889
0.029042
0.031169
0.033266
0.035332
0.037364
0.039358
0.041313
0.043226
0.045094
0.046914
0.048685
0.050403
0.052067
0.053673
0.055221
0.056707
0.05813
0.059487
0.060776
0.061996
0.063145
0.06422
0.065221
0.066145
0.066992
0.067759
0.068445
0.06905
0.069572
0.070009
0.070361
0.070628
0.070808
0.0709
0.070905
0.070821
0.070648
0.070387
0.070037
0.069597
0.069069
0.068451
0.067746
0.066952
0.066071
0.065103
0.064048
0.062909
0.061685
0.060378
0.058989
0.057519
0.055969
0.054342
0.052638
0.05086
0.049009
0.047087
0.045095
0.043038
0.040915
0.03873
0.036485
0.034182
0.031824
0.029414
0.026954
0.024447
0.021895
0.019303
0.016672
0.014005
0.011306
0.0085786
0.0058249
0.0030486
0.00025281
-0.002559
-0.0053834
-0.0082172
-0.011057
-0.013899
-0.01674
-0.019576
-0.022404
-0.02522
-0.028022
-0.030804
-0.033564
-0.036299
-0.039004
-0.041677
-0.044313
-0.046909
-0.049463
-0.051969
-0.054426
-0.05683
-0.059177
-0.061465
-0.06369
-0.065848
-0.067938
-0.069955
-0.071898
-0.073763
-0.075547
-0.077249
-0.078864
-0.080391
-0.081827
-0.08317
-0.084418
-0.085568
-0.086619
-0.087569
-0.088415
-0.089156
-0.089791
-0.090318
-0.090736
-0.091043
-0.091239
-0.091322
-0.091292
-0.091148
-0.090889
-0.090515
-0.090026
-0.089421
-0.088701
-0.087866
-0.086915
-0.08585
-0.08467
-0.083377
-0.081971
-0.080453
-0.078825
-0.077087
-0.075241
-0.073289
-0.071232
-0.069072
-0.066811
-0.06445
-0.061993
-0.059441
-0.056797
-0.054064
-0.051244
-0.04834
-0.045355
-0.042292
-0.039154
-0.035945
-0.032667
-0.029325
-0.025923
-0.022463
-0.018949
-0.015386
-0.011778
-0.0081277
-0.0044404
-0.00071997
0.0030293
0.0068029
0.010597
0.014406
0.018226
0.022053
0.025882
0.029708
0.033526
0.037333
0.041122
0.04489
0.048631
0.052341
0.056015
0.059649
0.063237
0.066775
0.070258
0.073681
0.077041
0.080331
0.083548
0.086688
0.089745
0.092715
0.095595
0.098379
0.10106
0.10364
0.10612
0.10848
0.11073
0.11285
0.11486
0.11674
0.11849
0.12011
0.12159
0.12293
0.12413
0.12519
0.1261
0.12686
0.12747
0.12792
0.12822
0.12836
0.12835
0.12817
0.12783
0.12733
0.12666
0.12583
0.12484
0.12368
0.12235
0.12086
0.1192
0.11738
0.1154
0.11325
0.11094
0.10846
0.10583
0.10304
0.10009
0.096992
0.093738
0.090333
0.086781
0.083084
0.079246
0.075268
0.071156
0.066911
0.062538
0.058041
0.053424
0.048691
0.043846
0.038894
0.03384
0.028689
0.023445
0.018114
0.012701
0.0072123
0.001653
-0.0039711
-0.0096539
-0.015389
-0.021171
-0.026994
-0.03285
-0.038733
-0.044636
-0.050554
-0.056479
-0.062403
-0.068321
-0.074225
-0.080108
-0.085963
-0.091782
-0.097559
-0.10329
-0.10895
-0.11456
-0.12009
-0.12554
-0.13091
-0.13618
-0.14135
-0.14641
-0.15136
-0.15618
-0.16087
-0.16542
-0.16982
-0.17408
-0.17817
-0.1821
-0.18585
-0.18943
-0.19282
-0.19601
-0.19901
-0.2018
-0.20438
-0.20674
-0.20887
-0.21078
-0.21245
-0.21388
-0.21506
-0.21599
-0.21667
-0.21708
-0.21723
-0.21711
-0.21672
-0.21605
-0.21509
-0.21385
-0.21233
-0.21051
-0.2084
-0.20599
-0.20328
-0.20027
-0.19695
-0.19333
-0.18941
-0.18518
-0.18064
-0.17579
-0.17063
-0.16516
-0.15939
-0.1533
-0.14691
-0.14021
-0.13321
-0.1259
-0.11829
-0.11038
-0.10217
-0.09367
-0.084876
-0.075792
-0.066423
-0.056773
-0.046844
-0.036642
-0.026171
-0.015436
-0.0044415
0.006807
0.018304
0.030044
0.042021
0.054228
0.06666
0.079309
0.092169
0.10523
0.11849
0.13194
0.14557
0.15937
0.17334
0.18746
0.20173
0.21614
0.23069
0.24535
0.26012
0.275
0.28998
0.30504
0.32017
0.33537
0.35062
0.36592
0.38125
0.39661
0.41198
0.42736
0.44274
0.45809
0.47342
0.48872
0.50396
0.51915
0.53428
0.54932
0.56427
0.57913
0.59387
0.6085
0.623
0.63735
0.65156
0.6656
0.67948
0.69317
0.70667
0.71998
0.73307
0.74595
0.7586
0.77101
0.78317
0.79508
0.80673
0.8181
0.8292
0.84
0.85052
0.86072
0.87062
0.88019
0.88944
0.89836
0.90694
0.91517
0.92306
0.93058
0.93774
0.94454
0.95096
0.957
0.96267
0.96794
0.97282
0.97731
0.98141
0.9851
0.98839
0.99127
0.99374
0.99581
0.99746
0.99871
0.99953
0.99995
0.99995
0.99953
0.99871
0.99746
0.99581
0.99374
0.99127
0.98839
0.9851
0.98141
0.97731
0.97282
0.96794
0.96267
0.957
0.95096
0.94454
0.93774
0.93058
0.92306
0.91517
0.90694
0.89836
0.88944
0.88019
0.87062
0.86072
0.85052
0.84
0.8292
0.8181
0.80673
0.79508
0.78317
0.77101
0.7586
0.74595
0.73307
0.71998
0.70667
0.69317
0.67948
0.6656
0.65156
0.63735
0.623
0.6085
0.59387
0.57913
0.56427
0.54932
0.53428
0.51915
0.50396
0.48872
0.47342
0.45809
0.44274
0.42736
0.41198
0.39661
0.38125
0.36592
0.35062
0.33537
0.32017
0.30504
0.28998
0.275
0.26012
0.24535
0.23069
0.21614
0.20173
0.18746
0.17334
0.15937
0.14557
0.13194
0.11849
0.10523
0.092169
0.079309
0.06666
0.054228
0.042021
0.030044
0.018304
0.006807
-0.0044415
-0.015436
-0.026171
-0.036642
-0.046844
-0.056773
-0.066423
-0.075792
-0.084876
-0.09367
-0.10217
-0.11038
-0.11829
-0.1259
-0.13321
-0.14021
-0.14691
-0.1533
-0.15939
-0.16516
-0.17063
-0.17579
-0.18064
-0.18518
-0.18941
-0.19333
-0.19695
-0.20027
-0.20328
-0.20599
-0.2084
-0.21051
-0.21233
-0.21385
-0.21509
-0.21605
-0.21672
-0.21711
-0.21723
-0.21708
-0.21667
-0.21599
-0.21506
-0.21388
-0.21245
-0.21078
-0.20887
-0.20674
-0.20438
-0.2018
-0.19901
-0.19601
-0.19282
-0.18943
-0.18585
-0.1821
-0.17817
-0.17408
-0.16982
-0.16542
-0.16087
-0.15618
-0.15136
-0.14641
-0.14135
-0.13618
-0.13091
-0.12554
-0.12009
-0.11456
-0.10895
-0.10329
-0.097559
-0.091782
-0.085963
-0.080108
-0.074225
-0.068321
-0.062403
-0.056479
-0.050554
-0.044636
-0.038733
-0.03285
-0.026994
-0.021171
-0.015389
-0.0096539
-0.0039711
0.001653
0.0072123
0.012701
0.018114
0.023445
0.028689
0.03384
0.038894
0.043846
0.048691
0.053424
0.058041
0.062538
0.066911
0.071156
0.075268
0.079246
0.083084
0.086781
0.090333
0.093738
0.096992
0.10009
0.10304
0.10583
0.10846
0.11094
0.11325
0.1154
0.11738
0.1192
0.12086
0.12235
0.12368
0.12484
0.12583
0.12666
0.12733
0.12783
0.12817
0.12835
0.12836
0.12822
0.12792
0.12747
0.12686
0.1261
0.12519
0.12413
0.12293
0.12159
0.12011
0.11849
0.11674
0.11486
0.11285
0.11073
0.10848
0.10612
0.10364
0.10106
0.098379
0.095595
0.092715
0.089745
0.086688
0.083548
0.080331
0.077041
0.073681
0.070258
0.066775
0.063237
0.059649
0.056015
0.052341
0.048631
0.04489
0.041122
0.037333
0.033526
0.029708
0.025882
0.022053
0.018226
0.014406
0.010597
0.0068029
0.0030293
-0.00071997
-0.0044404
-0.0081277
-0.011778
-0.015386
-0.018949
-0.022463
-0.025923
-0.029325
-0.032667
-0.035945
-0.039154
-0.042292
-0.045355
-0.04834
-0.051244
-0.054064
-0.056797
-0.059441
-0.061993
-0.06445
-0.066811
-0.069072
-0.071232
-0.073289
-0.075241
-0.077087
-0.078825
-0.080453
-0.081971
-0.083377
-0.08467
-0.08585
-0.086915
-0.087866
-0.088701
-0.089421
-0.090026
-0.090515
-0.090889
-0.091148
-0.091292
-0.091322
-0.091239
-0.091043
-0.090736
-0.090318
-0.089791
-0.089156
-0.088415
-0.087569
-0.086619
-0.085568
-0.084418
-0.08317
-0.081827
-0.080391
-0.078864
-0.077249
-0.075547
-0.073763
-0.071898
-0.069955
-0.067938
-0.065848
-0.06369
-0.061465
-0.059177
-0.05683
-0.054426
-0.051969
-0.049463
-0.046909
-0.044313
-0.041677
-0.039004
-0.036299
-0.033564
-0.030804
-0.028022
-0.02522
-0.022404
-0.019576
-0.01674
-0.013899
-0.011057
-0.0082172
-0.0053834
-0.002559
0.00025281
0.0030486
0.0058249
0.0085786
0.011306
0.014005
0.016672
0.019303
0.021895
0.024447
0.026954
0.029414
0.031824
0.034182
0.036485
0.03873
0.040915
0.043038
0.045095
0.047087
0.049009
0.05086
0.052638
0.054342
0.055969
0.057519
0.058989
0.060378
0.061685
0.062909
0.064048
0.065103
0.066071
0.066952
0.067746
0.068451
0.069069
0.069597
0.070037
0.070387
0.070648
0.070821
0.070905
0.0709
0.070808
0.070628
0.070361
0.070009
0.069572
0.06905
0.068445
0.067759
0.066992
0.066145
0.065221
0.06422
0.063145
0.061996
0.060776
0.059487
0.05813
0.056707
0.055221
0.053673
0.052067
0.050403
0.048685
0.046914
0.045094
0.043226
0.041313
0.039358
0.037364
0.035332
0.033266
0.031169
0.029042
0.026889
0.024713
0.022516
0.020301
0.018071
0.015829
0.013578
0.01132
0.0090577
0.0067948
0.0045336
0.002277
2.7707e-05
-0.0022115
-0.0044381
-0.0066491
-0.0088421
